100 0,260908 0,288675
200 0,25939 0,283752
300 0,258349 0,280999
400 0,25768 0,279111
500 0,257244 0,277581
600 0,256946 0,276858
700 0,256731 0,276233
800 0,25657 0,275714
900 0,256446 0,275291
1000 0,256348 0,274941
1100 0,256269 0,274646
1200 0,256204 0,274388
1300 0,25615 0,274159
1400 0,256104 0,273951
1500 0,256065 0,273759
1600 0,256031 0,273582
1700 0,256001 0,273417
1800 0,255975 0,273263
1900 0,255952 0,27312
2000 0,255931 0,272986
2100 0,255913 0,272861
2200 0,255896 0,272744
2300 0,25588 0,272634
2400 0,255866 0,272531
2500 0,255853 0,272434
2600 0,25584 0,272343
2700 0,255828 0,272256
2800 0,255817 0,272173
2900 0,255807 0,272094
3000 0,255796 0,272173
3100 0,255786 0,272381
3200 0,255776 0,272602
3300 0,255765 0,272839
3400 0,255754 0,273094
3500 0,255743 0,273369
3600 0,255731 0,273665
3700 0,255717 0,273984
3800 0,255701 0,27433
3900 0,255683 0,274703
4000 0,25566 0,275105
4100 0,255632 0,275534
4200 0,255597 0,27599
4300 0,255551 0,276468
4400 0,25549 0,276959
4500 0,255408 0,277453
4600 0,255297 0,277933
4700 0,255145 0,278377
4800 0,254932 0,278756
4900 0,25463 0,279025
5000 0,254198 0,279108
5100 0,253574 0,278877
5200 0,252675 0,278126
5300 0,251406 0,276564
5400 0,249678 0,281016
5500 0,247398 0,287392
5600 0,24439 0,292849
5700 0,240232 0,303992
5800 0,234111 0,33698
5900 0,225727 0,404096
6000 0,217216 0,503144
6100 0,208567 0,571196
6200 0,198416 0,567759
6300 0,188516 0,5267
6400 0,181759 0,496214
6500 0,17733 0,478328
6600 0,174254 0,466791
6700 0,172026 0,458786
6800 0,170359 0,452972
6900 0,169079 0,4486
7000 0,168075 0,445221
7100 0,167272 0,442548
7200 0,166618 0,440391
7300 0,166078 0,438619
7400 0,165625 0,437141
7500 0,165242 0,435891
7600 0,164913 0,434821
7700 0,164628 0,433893
7800 0,164379 0,43308
7900 0,164159 0,432361
8000 0,163964 0,431718
8100 0,163788 0,431139
8200 0,16363 0,430613
8300 0,163485 0,430127
8400 0,163353 0,429678
8500 0,16323 0,429255
8600 0,163115 0,428854
8700 0,163006 0,42847
8800 0,162903 0,428094
8900 0,162803 0,427718
9000 0,162704 0,427336
9100 0,162605 0,426939
9200 0,162502 0,42651
9300 0,162393 0,426028
9400 0,16227 0,425457
9500 0,162122 0,424735
9600 0,161927 0,423737
9700 0,161637 0,422183
9800 0,1611 0,419249
9900 0,159603 0,411293
10000 0,148381 0,363922
10100 0,120283 0,431979
10200 0,0911966 0,614359
10300 0,0760453 0,680646
10400 0,0693592 0,69228
10500 0,065742 0,690774
10600 0,0634261 0,687128
10700 0,061789 0,683598
10800 0,0605596 0,680558
10900 0,0595981 0,678001
11000 0,0588235 0,675849
11100 0,0581852 0,674027
11200 0,0576492 0,672469
11300 0,0571926 0,671124
11400 0,0567987 0,669955
11500 0,0564551 0,668928
11600 0,0561528 0,668021
11700 0,0558847 0,667214
11800 0,0556451 0,666491
11900 0,0554298 0,66584
12000 0,0552351 0,665251
12100 0,0550581 0,664716
12200 0,0548966 0,664227
12300 0,0547485 0,663779
12400 0,0546124 0,663365
12500 0,0544864 0,662986
12600 0,0543697 0,662634
12700 0,0542614 0,662306
12800 0,0541602 0,662002
12900 0,0540656 0,661719
13000 0,0539772 0,661453
13100 0,0538937 0,661205
13200 0,0538153 0,660971
13300 0,0537415 0,66075
13400 0,0536716 0,660543
13500 0,053605 0,66035
13600 0,0535421 0,660166
13700 0,0534824 0,659991
13800 0,0534257 0,659825
13900 0,0533715 0,659667
14000 0,0533199 0,659517
14100 0,05327 0,659376
14200 0,0532226 0,659241
14300 0,0531771 0,659112
14400 0,0531336 0,658989
14500 0,0530919 0,65887
14600 0,0530517 0,658758
14700 0,0530131 0,65865
14800 0,0529761 0,658546
14900 0,0529401 0,658447
15000 0,0529056 0,658352
15100 0,0528723 0,658261
15200 0,0528401 0,658173
15300 0,0528086 0,65809
15400 0,0527783 0,658008
15500 0,0527492 0,657928
15600 0,052721 0,657852
15700 0,0526936 0,657778
15800 0,052667 0,657708
15900 0,0526413 0,657639
16000 0,0526163 0,657573
16100 0,0525923 0,657508
16200 0,0525688 0,657446
16300 0,052546 0,657385
16400 0,0525238 0,657327
16500 0,0525022 0,65727
16600 0,0524812 0,657216
16700 0,0524607 0,657162
16800 0,0524408 0,657111
16900 0,0524214 0,657061
17000 0,0524024 0,657013
17100 0,0523841 0,656965
17200 0,052366 0,656919
17300 0,0523485 0,656874
17400 0,0523315 0,65683
17500 0,0523146 0,656789
17600 0,0522983 0,656748
17700 0,0522825 0,656707
17800 0,0522671 0,656667
17900 0,0522518 0,65663
18000 0,0522369 0,656593
18100 0,0522224 0,656556
18200 0,0522082 0,656521
18300 0,0521941 0,656487
18400 0,0521805 0,656453
18500 0,0521671 0,65642
18600 0,0521541 0,656387
18700 0,0521414 0,656355
18800 0,0521289 0,656323
18900 0,0521164 0,656293
19000 0,0521043 0,656264
19100 0,052092 0,656236
19200 0,0520803 0,656208
19300 0,0520688 0,65618
19400 0,0520578 0,656151
19500 0,0520468 0,656125
19600 0,0520361 0,656098
19700 0,0520254 0,656073
19800 0,052015 0,656047
19900 0,0520049 0,656022
20000 0,0519947 0,655998
20100 0,051985 0,655974
20200 0,0519753 0,655951
20300 0,0519658 0,655928
20400 0,0519566 0,655905
20500 0,0519474 0,655883
20600 0,0519383 0,655861
20700 0,0519294 0,65584
20800 0,0519205 0,65582
20900 0,0519121 0,655799
21000 0,0519036 0,655779
21100 0,0518952 0,655759
21200 0,051887 0,65574
21300 0,0518791 0,655721
21400 0,051871 0,655702
21500 0,0518632 0,655684
21600 0,0518556 0,655665
21700 0,051848 0,655648
21800 0,0518405 0,655631
21900 0,0518331 0,655614
22000 0,051826 0,655597
22100 0,0518188 0,65558
22200 0,0518119 0,655564
22300 0,0518049 0,655547
22400 0,051798 0,655532
22500 0,0517912 0,655517
22600 0,0517847 0,655501
22700 0,0517781 0,655486
22800 0,0517716 0,655472
22900 0,0517653 0,655457
23000 0,0517591 0,655442
23100 0,051753 0,655428
23200 0,051747 0,655414
23300 0,051741 0,6554
23400 0,051735 0,655387
23500 0,0517291 0,655373
23600 0,0517234 0,65536
23700 0,0517177 0,655347
23800 0,0517121 0,655335
23900 0,0517065 0,655321
24000 0,0517011 0,655309
24100 0,0516957 0,655297
24200 0,0516903 0,655285
24300 0,051685 0,655273
24400 0,0516798 0,655261
24500 0,0516746 0,65525
24600 0,0516697 0,655238
24700 0,0516646 0,655227
24800 0,0516597 0,655215
24900 0,0516548 0,655205
25000 0,05165 0,655194
25100 0,0516452 0,655183
25200 0,0516405 0,655173
25300 0,0516357 0,655162
25400 0,0516311 0,655152
25500 0,0516266 0,655142
25600 0,0516222 0,655131
25700 0,0516178 0,655121
25800 0,0516134 0,655111
25900 0,0516091 0,655102
26000 0,0516048 0,655092
26100 0,0516005 0,655083
26200 0,0515963 0,655073
26300 0,0515922 0,655064
26400 0,0515882 0,655054
26500 0,0515842 0,655045
26600 0,0515801 0,655037
26700 0,0515761 0,655029
26800 0,0515721 0,65502
26900 0,0515682 0,655011
27000 0,0515644 0,655002
27100 0,0515607 0,654994
27200 0,0515568 0,654986
27300 0,0515529 0,654978
27400 0,0515494 0,65497
27500 0,0515457 0,654962
27600 0,0515421 0,654954
27700 0,0515386 0,654946
27800 0,051535 0,654938
27900 0,0515315 0,654931
28000 0,051528 0,654923
28100 0,0515245 0,654916
28200 0,0515212 0,654908
28300 0,0515177 0,654901
28400 0,0515143 0,654893
28500 0,0515112 0,654886
28600 0,0515078 0,654879
28700 0,0515048 0,654872
28800 0,0515015 0,654865
28900 0,0514983 0,654858
29000 0,0514951 0,654852
29100 0,0514919 0,654845
29200 0,0514888 0,654839
29300 0,0514856 0,654832
29400 0,0514828 0,654825
29500 0,0514797 0,654819
29600 0,0514769 0,654812
29700 0,0514738 0,654806
29800 0,0514708 0,6548
29900 0,0514678 0,654793
30000 0,051465 0,654788
30100 0,0514621 0,654782
30200 0,0514595 0,654775
30300 0,0514565 0,654769
30400 0,0514538 0,654763
30500 0,051451 0,654758
30600 0,0514482 0,654752
30700 0,0514456 0,654746
30800 0,0514428 0,65474
30900 0,0514403 0,654734
31000 0,0514376 0,654729
31100 0,0514351 0,654723
31200 0,0514324 0,654718
31300 0,0514299 0,654712
31400 0,0514273 0,654707
31500 0,0514247 0,654702
31600 0,0514224 0,654696
31700 0,0514201 0,65469
31800 0,0514177 0,654684
31900 0,0514152 0,654679
32000 0,0514127 0,654674
32100 0,0514103 0,654669
32200 0,0514078 0,654665
32300 0,0514055 0,65466
32400 0,0514029 0,654655
32500 0,0514007 0,65465
32600 0,0513984 0,654645
32700 0,0513961 0,65464
32800 0,051394 0,654635
32900 0,0513916 0,65463
33000 0,0513895 0,654625
33100 0,0513873 0,654621
33200 0,0513849 0,654616
33300 0,0513826 0,654612
33400 0,0513804 0,654608
33500 0,0513781 0,654604
33600 0,0513761 0,654599
33700 0,0513739 0,654594
33800 0,0513718 0,65459
33900 0,05137 0,654585
34000 0,0513677 0,654581
34100 0,0513657 0,654577
34200 0,0513638 0,654572
34300 0,0513616 0,654568
34400 0,0513597 0,654564
34500 0,0513577 0,65456
34600 0,0513556 0,654556
34700 0,0513536 0,654552
34800 0,0513516 0,654548
34900 0,0513496 0,654544
35000 0,0513477 0,65454
35100 0,0513458 0,654535
35200 0,051344 0,654531
35300 0,051342 0,654528
35400 0,0513403 0,654523
35500 0,0513383 0,65452
35600 0,0513365 0,654516
35700 0,0513347 0,654512
35800 0,0513328 0,654508
35900 0,051331 0,654504
36000 0,0513292 0,654501
36100 0,0513274 0,654498
36200 0,0513255 0,654494
36300 0,0513237 0,65449
36400 0,051322 0,654486
36500 0,0513202 0,654483
36600 0,0513185 0,654479
36700 0,0513168 0,654476
36800 0,0513151 0,654473
36900 0,0513133 0,654468
37000 0,0513117 0,654465
37100 0,05131 0,654462
37200 0,0513083 0,654459
37300 0,0513067 0,654455
37400 0,051305 0,654451
37500 0,0513033 0,654449
37600 0,0513019 0,654444
37700 0,0513004 0,654441
37800 0,0512988 0,654437
37900 0,0512972 0,654434
38000 0,0512957 0,65443
38100 0,0512942 0,654427
38200 0,0512925 0,654424
38300 0,051291 0,654421
38400 0,0512895 0,654418
38500 0,0512879 0,654415
38600 0,0512864 0,654412
38700 0,0512848 0,654409
38800 0,0512833 0,654405
38900 0,0512819 0,654402
39000 0,0512805 0,654399
39100 0,0512789 0,654396
39200 0,0512775 0,654392
39300 0,0512763 0,654389
39400 0,0512749 0,654386
39500 0,0512735 0,654382
39600 0,051272 0,65438
39700 0,0512707 0,654376
39800 0,0512693 0,654373
39900 0,0512678 0,654371
40000 0,0512664 0,654368
40100 0,0512652 0,654365
40200 0,0512637 0,654361
40300 0,0512622 0,654359
40400 0,0512609 0,654356
40500 0,0512596 0,654353
40600 0,0512582 0,65435
40700 0,0512568 0,654348
40800 0,0512555 0,654345
40900 0,0512542 0,654342
41000 0,0512528 0,654339
41100 0,0512514 0,654337
41200 0,0512502 0,654334
41300 0,051249 0,654331
41400 0,0512477 0,654328
41500 0,0512464 0,654326
41600 0,0512451 0,654323
41700 0,0512438 0,654321
41800 0,0512424 0,654319
41900 0,0512411 0,654316
42000 0,0512397 0,654314
42100 0,0512383 0,654312
42200 0,0512372 0,654309
42300 0,0512361 0,654306
42400 0,0512348 0,654303
42500 0,0512335 0,654301
42600 0,0512325 0,654298
42700 0,0512314 0,654296
42800 0,0512302 0,654293
42900 0,0512288 0,654291
43000 0,0512277 0,654289
43100 0,0512266 0,654286
43200 0,0512254 0,654284
43300 0,051224 0,654281
43400 0,0512229 0,65428
43500 0,0512219 0,654277
43600 0,0512208 0,654275
43700 0,0512199 0,654272
43800 0,051219 0,654269
43900 0,0512179 0,654266
44000 0,0512167 0,654264
44100 0,0512155 0,654262
44200 0,0512141 0,65426
44300 0,0512127 0,654259
44400 0,0512115 0,654257
44500 0,0512104 0,654255
44600 0,0512091 0,654253
44700 0,0512083 0,654251
44800 0,0512073 0,654248
44900 0,0512067 0,654245
45000 0,0512055 0,654243
45100 0,0512045 0,654242
45200 0,0512034 0,654239
45300 0,051202 0,654238
45400 0,051201 0,654235
45500 0,0511996 0,654235
45600 0,0511982 0,654233
45700 0,0511975 0,654231
45800 0,0511967 0,654227
45900 0,0511957 0,654226
46000 0,0511946 0,654223
46100 0,051194 0,654221
46200 0,0511935 0,654218
46300 0,0511924 0,654216
46400 0,0511913 0,654214
46500 0,0511903 0,654212
46600 0,051189 0,654211
46700 0,0511877 0,654209
46800 0,0511867 0,654208
46900 0,0511854 0,654206
47000 0,0511845 0,654205
47100 0,0511837 0,654202
47200 0,0511826 0,6542
47300 0,0511817 0,654199
47400 0,051181 0,654196
47500 0,0511804 0,654193
47600 0,0511798 0,65419
47700 0,0511787 0,654188
47800 0,0511775 0,654188
47900 0,0511766 0,654185
48000 0,0511756 0,654184
48100 0,0511744 0,654183
48200 0,0511736 0,65418
48300 0,0511726 0,654179
48400 0,0511713 0,654178
48500 0,0511706 0,654176
48600 0,05117 0,654173
48700 0,0511692 0,654171
48800 0,0511684 0,65417
48900 0,0511677 0,654167
49000 0,0511669 0,654165
49100 0,0511663 0,654162
49200 0,0511656 0,65416
49300 0,0511646 0,65416
49400 0,0511637 0,654158
49500 0,051163 0,654155
49600 0,0511619 0,654154
49700 0,0511605 0,654154
49800 0,0511595 0,654153
49900 0,0511584 0,654152
50000 0,0511574 0,654151
50100 0,0511567 0,654149
50200 0,0511561 0,654146
50300 0,0511552 0,654144
50400 0,0511543 0,654143
50500 0,0511537 0,654141
50600 0,0511531 0,654139
50700 0,0511524 0,654137
50800 0,0511516 0,654136
50900 0,0511508 0,654133
51000 0,0511498 0,654132
51100 0,0511487 0,654131
51200 0,0511477 0,654131
51300 0,0511465 0,65413
51400 0,0511457 0,654128
51500 0,0511448 0,654127
51600 0,051144 0,654125
51700 0,0511433 0,654123
51800 0,0511424 0,654122
51900 0,0511419 0,654119
52000 0,0511415 0,654117
52100 0,0511409 0,654116
52200 0,0511402 0,654114
52300 0,0511397 0,654111
52400 0,0511391 0,65411
52500 0,0511385 0,654108
52600 0,0511378 0,654106
52700 0,051137 0,654105
52800 0,0511362 0,654103
52900 0,0511354 0,654102
53000 0,0511346 0,654101
53100 0,0511337 0,6541
53200 0,0511327 0,654099
53300 0,0511317 0,654098
53400 0,0511308 0,654097
53500 0,0511299 0,654096
53600 0,0511291 0,654095
53700 0,0511285 0,654093
53800 0,0511279 0,654092
53900 0,0511275 0,65409
54000 0,051127 0,654088
54100 0,0511263 0,654086
54200 0,0511253 0,654085
54300 0,0511246 0,654084
54400 0,051124 0,654082
54500 0,0511236 0,654081
54600 0,051123 0,654079
54700 0,0511221 0,654078
54800 0,0511213 0,654077
54900 0,0511205 0,654075
55000 0,0511197 0,654075
55100 0,0511186 0,654074
55200 0,0511176 0,654074
55300 0,051117 0,654072
55400 0,0511164 0,65407
55500 0,0511157 0,65407
55600 0,0511147 0,654068
55700 0,0511141 0,654068
55800 0,0511136 0,654066
55900 0,0511133 0,654064
56000 0,0511127 0,654062
56100 0,0511119 0,654061
56200 0,0511115 0,65406
56300 0,0511111 0,654057
56400 0,0511105 0,654056
56500 0,0511101 0,654054
56600 0,0511098 0,654052
56700 0,0511094 0,65405
56800 0,0511089 0,654049
56900 0,0511081 0,654048
57000 0,0511074 0,654047
57100 0,0511067 0,654046
57200 0,0511059 0,654044
57300 0,0511052 0,654044
57400 0,0511041 0,654043
57500 0,0511031 0,654043
57600 0,0511024 0,654042
57700 0,0511017 0,654041
57800 0,051101 0,65404
57900 0,0511001 0,654039
58000 0,0510995 0,654038
58100 0,0510992 0,654037
58200 0,0510991 0,654035
58300 0,0510986 0,654033
58400 0,0510979 0,654032
58500 0,0510973 0,654031
58600 0,0510968 0,654029
58700 0,0510963 0,654029
58800 0,0510959 0,654026
58900 0,0510955 0,654025
59000 0,051095 0,654023
59100 0,0510945 0,654022
59200 0,0510939 0,654021
59300 0,0510932 0,65402
59400 0,0510925 0,654019
59500 0,0510917 0,654019
59600 0,0510908 0,654018
59700 0,0510899 0,654018
59800 0,0510891 0,654017
59900 0,0510881 0,654017
60000 0,0510872 0,654017
60100 0,0510865 0,654016
60200 0,0510859 0,654015
60300 0,0510856 0,654013
60400 0,0510852 0,654012
60500 0,0510847 0,654011
60600 0,0510843 0,654008
60700 0,0510839 0,654007
60800 0,0510837 0,654006
60900 0,0510834 0,654004
61000 0,051083 0,654002
61100 0,0510824 0,654001
61200 0,0510819 0,654
61300 0,0510814 0,653999
61400 0,0510809 0,653998
61500 0,0510806 0,653997
61600 0,0510803 0,653996
61700 0,0510798 0,653993
61800 0,0510793 0,653992
61900 0,0510788 0,653992
62000 0,0510781 0,653991
62100 0,0510774 0,65399
62200 0,0510767 0,65399
62300 0,0510759 0,653989
62400 0,0510752 0,653988
62500 0,0510746 0,653988
62600 0,0510738 0,653987
62700 0,0510732 0,653986
62800 0,0510725 0,653985
62900 0,051072 0,653984
63000 0,0510717 0,653983
63100 0,0510713 0,653982
63200 0,0510711 0,65398
63300 0,0510707 0,653979
63400 0,0510703 0,653977
63500 0,0510699 0,653975
63600 0,0510696 0,653975
63700 0,0510692 0,653973
63800 0,0510688 0,653972
63900 0,0510685 0,65397
64000 0,0510682 0,653969
64100 0,0510679 0,653968
64200 0,0510673 0,653967
64300 0,0510668 0,653966
64400 0,0510663 0,653966
64500 0,0510659 0,653964
64600 0,0510654 0,653963
64700 0,051065 0,653961
64800 0,0510645 0,653961
64900 0,0510639 0,65396
65000 0,0510633 0,653959
65100 0,0510627 0,653959
65200 0,0510621 0,653958
65300 0,0510614 0,653958
65400 0,0510607 0,653957
65500 0,0510602 0,653956
65600 0,0510595 0,653955
65700 0,0510588 0,653956
65800 0,0510583 0,653954
65900 0,0510578 0,653953
66000 0,0510574 0,653952
66100 0,0510572 0,653951
66200 0,0510569 0,653949
66300 0,0510564 0,653948
66400 0,0510558 0,653947
66500 0,0510553 0,653946
66600 0,0510548 0,653946
66700 0,0510545 0,653944
66800 0,0510543 0,653944
66900 0,051054 0,653942
67000 0,0510536 0,653941
67100 0,0510532 0,65394
67200 0,0510527 0,653939
67300 0,0510522 0,653938
67400 0,0510518 0,653937
67500 0,0510514 0,653936
67600 0,0510511 0,653934
67700 0,0510508 0,653933
67800 0,0510503 0,653933
67900 0,0510499 0,653932
68000 0,0510496 0,653931
68100 0,0510492 0,65393
68200 0,0510486 0,653929
68300 0,0510482 0,653928
68400 0,0510476 0,653927
68500 0,0510471 0,653926
68600 0,0510467 0,653925
68700 0,0510462 0,653925
68800 0,0510458 0,653924
68900 0,0510454 0,653924
69000 0,051045 0,653922
69100 0,0510447 0,653921
69200 0,0510441 0,653919
69300 0,0510433 0,65392
69400 0,0510424 0,653919
69500 0,0510419 0,653919
69600 0,0510414 0,653919
69700 0,0510412 0,653918
69800 0,051041 0,653917
69900 0,0510409 0,653915
70000 0,0510406 0,653914
70100 0,0510401 0,653912
70200 0,0510395 0,653912
70300 0,051039 0,653912
70400 0,0510386 0,65391
70500 0,0510383 0,653909
70600 0,051038 0,653908
70700 0,0510378 0,653907
70800 0,0510376 0,653905
70900 0,0510373 0,653904
71000 0,0510368 0,653904
71100 0,0510365 0,653902
71200 0,0510363 0,653901
71300 0,051036 0,6539
71400 0,0510356 0,653899
71500 0,0510354 0,653898
71600 0,051035 0,653898
71700 0,0510347 0,653897
71800 0,0510344 0,653896
71900 0,0510341 0,653894
72000 0,0510339 0,653893
72100 0,0510337 0,653892
72200 0,0510334 0,65389
72300 0,0510331 0,653889
72400 0,0510326 0,653889
72500 0,0510321 0,653889
72600 0,0510315 0,653888
72700 0,0510309 0,653887
72800 0,0510302 0,653888
72900 0,0510296 0,653887
73000 0,0510291 0,653887
73100 0,0510286 0,653887
73200 0,0510281 0,653887
73300 0,0510277 0,653886
73400 0,0510271 0,653885
73500 0,0510265 0,653884
73600 0,0510261 0,653884
73700 0,0510258 0,653882
73800 0,0510253 0,653881
73900 0,0510249 0,65388
74000 0,0510247 0,653879
74100 0,0510245 0,653879
74200 0,0510242 0,653878
74300 0,0510239 0,653877
74400 0,0510235 0,653876
74500 0,0510232 0,653875
74600 0,0510228 0,653874
74700 0,0510224 0,653872
74800 0,0510222 0,653871
74900 0,051022 0,653871
75000 0,0510218 0,653869
75100 0,0510216 0,653868
75200 0,0510213 0,653868
75300 0,051021 0,653867
75400 0,0510207 0,653866
75500 0,0510204 0,653864
75600 0,0510202 0,653863
75700 0,05102 0,653862
75800 0,0510199 0,653861
75900 0,0510198 0,65386
76000 0,0510196 0,653858
76100 0,0510194 0,653857
76200 0,0510189 0,653857
76300 0,0510185 0,653856
76400 0,0510181 0,653856
76500 0,0510178 0,653855
76600 0,0510175 0,653854
76700 0,0510173 0,653853
76800 0,051017 0,653853
76900 0,0510167 0,653851
77000 0,0510165 0,65385
77100 0,0510162 0,653849
77200 0,051016 0,653848
77300 0,0510156 0,653847
77400 0,0510152 0,653846
77500 0,0510148 0,653846
77600 0,0510144 0,653845
77700 0,0510142 0,653844
77800 0,0510139 0,653844
77900 0,0510134 0,653843
78000 0,051013 0,653842
78100 0,0510125 0,653841
78200 0,0510121 0,65384
78300 0,0510116 0,65384
78400 0,0510111 0,653839
78500 0,0510106 0,653839
78600 0,0510102 0,653838
78700 0,0510099 0,653838
78800 0,0510097 0,653837
78900 0,0510095 0,653835
79000 0,0510093 0,653834
79100 0,0510091 0,653832
79200 0,0510087 0,653831
79300 0,0510084 0,653831
79400 0,0510082 0,65383
79500 0,0510081 0,653829
79600 0,0510077 0,653827
79700 0,0510073 0,653827
79800 0,0510071 0,653826
79900 0,0510069 0,653825
80000 0,0510068 0,653823
80100 0,0510066 0,653821
80200 0,0510065 0,65382
80300 0,0510063 0,653819
80400 0,0510062 0,653818
80500 0,0510061 0,653817
80600 0,0510059 0,653816
80700 0,0510056 0,653815
80800 0,0510054 0,653814
80900 0,051005 0,653812
81000 0,0510048 0,653812
81100 0,0510045 0,653811
81200 0,0510043 0,65381
81300 0,0510041 0,653809
81400 0,0510039 0,653808
81500 0,0510037 0,653807
81600 0,0510035 0,653806
81700 0,0510033 0,653805
81800 0,0510032 0,653803
81900 0,0510031 0,653802
82000 0,0510029 0,653801
82100 0,0510028 0,653799
82200 0,0510024 0,653799
82300 0,051002 0,653799
82400 0,0510017 0,653798
82500 0,0510014 0,653797
82600 0,0510011 0,653796
82700 0,0510008 0,653795
82800 0,0510006 0,653794
82900 0,0510004 0,653793
83000 0,0510002 0,653792
83100 0,0510001 0,65379
83200 0,0509998 0,65379
83300 0,0509995 0,653788
83400 0,0509992 0,653788
83500 0,050999 0,653786
83600 0,0509986 0,653786
83700 0,0509982 0,653785
83800 0,0509977 0,653785
83900 0,0509974 0,653785
84000 0,0509971 0,653783
84100 0,0509969 0,653782
84200 0,0509966 0,653781
84300 0,0509963 0,65378
84400 0,0509961 0,653779
84500 0,0509958 0,653777
84600 0,0509956 0,653776
84700 0,0509953 0,653775
84800 0,0509949 0,653775
84900 0,0509945 0,653774
85000 0,0509941 0,653773
85100 0,0509937 0,653772
85200 0,0509935 0,653772
85300 0,050993 0,653771
85400 0,0509924 0,653771
85500 0,050992 0,65377
85600 0,0509916 0,653769
85700 0,0509913 0,653769
85800 0,0509912 0,653767
85900 0,050991 0,653766
86000 0,0509908 0,653764
86100 0,0509907 0,653762
86200 0,0509905 0,653761
86300 0,0509904 0,65376
86400 0,0509902 0,653759
86500 0,05099 0,653757
86600 0,0509899 0,653756
86700 0,0509897 0,653755
86800 0,0509895 0,653754
86900 0,0509894 0,653753
87000 0,0509891 0,653752
87100 0,0509885 0,65375
87200 0,050988 0,65375
87300 0,0509878 0,653749
87400 0,0509876 0,653748
87500 0,0509875 0,653747
87600 0,0509873 0,653745
87700 0,0509872 0,653743
87800 0,0509871 0,653741
87900 0,0509871 0,65374
88000 0,050987 0,653738
88100 0,0509868 0,653736
88200 0,0509867 0,653735
88300 0,0509866 0,653734
88400 0,0509865 0,653733
88500 0,0509863 0,653732
88600 0,0509861 0,65373
88700 0,050986 0,653729
88800 0,0509858 0,653727
88900 0,0509857 0,653726
89000 0,0509854 0,653726
89100 0,050985 0,653724
89200 0,0509847 0,653722
89300 0,0509844 0,653721
89400 0,0509841 0,65372
89500 0,0509839 0,653718
89600 0,0509838 0,653717
89700 0,0509837 0,653715
89800 0,0509837 0,653714
89900 0,0509836 0,653712
90000 0,0509835 0,653711
90100 0,0509834 0,653709
90200 0,0509833 0,653707
90300 0,0509832 0,653705
90400 0,0509831 0,653704
90500 0,050983 0,653702
90600 0,0509829 0,653701
90700 0,0509829 0,6537
90800 0,0509828 0,653698
90900 0,0509827 0,653696
91000 0,0509826 0,653694
91100 0,0509825 0,653693
91200 0,0509824 0,65369
91300 0,0509823 0,653688
91400 0,0509822 0,653686
91500 0,0509821 0,653685
91600 0,050982 0,653683
91700 0,0509819 0,653681
91800 0,0509818 0,653679
91900 0,0509817 0,653678
92000 0,0509816 0,653675
92100 0,0509816 0,653674
92200 0,0509815 0,653672
92300 0,0509815 0,65367
92400 0,0509814 0,653668
92500 0,0509814 0,653665
92600 0,0509813 0,653663
92700 0,0509813 0,653661
92800 0,0509813 0,653659
92900 0,0509813 0,653656
93000 0,0509812 0,653655
93100 0,0509812 0,653653
93200 0,0509811 0,65365
93300 0,050981 0,653648
93400 0,0509809 0,653646
93500 0,0509807 0,653644
93600 0,0509806 0,653642
93700 0,0509805 0,653641
93800 0,0509804 0,653638
93900 0,0509804 0,653636
94000 0,0509804 0,653634
94100 0,0509803 0,653632
94200 0,0509802 0,65363
94300 0,0509802 0,653627
94400 0,0509802 0,653624
94500 0,0509802 0,653622
94600 0,0509802 0,653619
94700 0,05098 0,653618
94800 0,0509799 0,653615
94900 0,0509798 0,653612
95000 0,0509798 0,65361
95100 0,0509798 0,653607
95200 0,0509798 0,653605
95300 0,0509797 0,653603
95400 0,0509796 0,6536
95500 0,0509795 0,653597
95600 0,0509795 0,653594
95700 0,0509795 0,653591
95800 0,0509795 0,653588
95900 0,0509796 0,653584
96000 0,0509798 0,653581
96100 0,0509801 0,653578
96200 0,0509806 0,653574
96300 0,050981 0,653569
96400 0,0509814 0,653565
96500 0,0509818 0,653561
96600 0,0509821 0,653557
96700 0,0509824 0,653553
96800 0,0509826 0,65355
96900 0,0509829 0,653545
97000 0,0509832 0,653541
97100 0,0509836 0,653537
97200 0,0509835 0,653533
97300 0,0509836 0,653529
97400 0,0509837 0,653524
97500 0,050984 0,65352
97600 0,0509844 0,653515
97700 0,0509848 0,653509
97800 0,0509851 0,653505
97900 0,0509853 0,6535
98000 0,0509853 0,653496
98100 0,0509854 0,653491
98200 0,0509856 0,653486
98300 0,0509861 0,65348
98400 0,0509868 0,653474
98500 0,0509874 0,653468
98600 0,0509881 0,653461
98700 0,0509889 0,653453
98800 0,0509897 0,653447
98900 0,0509904 0,65344
99000 0,0509911 0,653432
99100 0,0509917 0,653426
99200 0,0509923 0,653418
99300 0,0509931 0,653412
99400 0,0509937 0,653403
99500 0,0509944 0,653395
99600 0,0509953 0,653386
99700 0,0509964 0,653377
99800 0,0509976 0,653367
99900 0,0509988 0,653358
100000 0,0509998 0,653348
100100 0,0510006 0,653338
100200 0,0510016 0,653327
100300 0,0510027 0,653317
100400 0,0510038 0,653306
100500 0,0510052 0,653294
100600 0,051007 0,653282
100700 0,0510087 0,653268
100800 0,05101 0,653255
100900 0,0510115 0,653242
101000 0,051013 0,653228
101100 0,0510148 0,653213
101200 0,0510168 0,653197
101300 0,0510186 0,653181
101400 0,0510204 0,653165
101500 0,0510224 0,653147
101600 0,0510246 0,653129
101700 0,051027 0,65311
101800 0,0510291 0,65309
101900 0,0510315 0,65307
102000 0,0510342 0,653048
102100 0,051037 0,653024
102200 0,0510398 0,653001
102300 0,0510429 0,652976
102400 0,051046 0,652949
102500 0,0510492 0,652922
102600 0,0510528 0,652893
102700 0,0510564 0,652862
102800 0,0510602 0,65283
102900 0,0510643 0,652797
103000 0,0510686 0,652762
103100 0,051073 0,652724
103200 0,0510779 0,652684
103300 0,0510828 0,652643
103400 0,051088 0,652599
103500 0,0510935 0,652553
103600 0,0510991 0,652505
103700 0,0511052 0,652454
103800 0,0511115 0,6524
103900 0,051118 0,652344
104000 0,051125 0,652284
104100 0,0511322 0,65222
104200 0,0511397 0,652155
104300 0,0511476 0,652085
104400 0,0511557 0,652012
104500 0,0511641 0,651935
104600 0,051173 0,651854
104700 0,051182 0,651769
104800 0,0511914 0,65168
104900 0,0512011 0,651586
105000 0,0512111 0,651487
105100 0,0512212 0,651384
105200 0,0512318 0,651276
105300 0,0512428 0,651163
105400 0,0512537 0,651044
105500 0,0512652 0,65092
105600 0,0512768 0,650789
105700 0,0512885 0,650653
105800 0,0513006 0,650509
105900 0,0513132 0,650358
106000 0,0513258 0,650198
106100 0,0513386 0,650031
106200 0,0513517 0,649854
106300 0,0513651 0,649666
106400 0,0513787 0,649468
106500 0,0513928 0,649257
106600 0,0514072 0,649032
106700 0,051422 0,648792
106800 0,0514371 0,648534
106900 0,051453 0,648256
107000 0,0514695 0,647956
107100 0,0514866 0,647631
107200 0,0515045 0,647276
107300 0,0515238 0,646887
107400 0,0515438 0,646461
107500 0,0515649 0,64599
107600 0,0515874 0,645468
107700 0,0516116 0,644883
107800 0,0516379 0,644223
107900 0,0516663 0,643476
108000 0,051697 0,642622
108100 0,0517313 0,641633
108200 0,0517688 0,640481
108300 0,0518111 0,639115
108400 0,0518588 0,637477
108500 0,0519135 0,635472
108600 0,0519765 0,632969
108700 0,0520506 0,629754
108800 0,0521391 0,625476
108900 0,0522468 0,619515
109000 0,0523797 0,610637
109100 0,0525412 0,596045
109200 0,0526916 0,567807
109300 0,0522139 0,494899
109400 0,0430725 0,299833
109500 0,027669 0,169135
109600 0,0192529 0,115312
109700 0,0145458 0,0865248
109800 0,0117922 0,0694976
109900 0,0100799 0,0587961
110000 0,0089182 0,0515642
