100 0,262015 0,303645
200 0,260293 0,293617
300 0,259533 0,28885
400 0,259161 0,286556
500 0,258945 0,285262
600 0,258802 0,284389
700 0,2587 0,283746
800 0,258623 0,283262
900 0,258562 0,282899
1000 0,258511 0,282632
1100 0,258467 0,282447
1200 0,258426 0,282341
1300 0,258385 0,282315
1400 0,258339 0,282388
1500 0,25828 0,282823
1600 0,258195 0,283277
1700 0,258059 0,283666
1800 0,257818 0,284836
1900 0,257349 0,286923
2000 0,256288 0,291194
2100 0,253211 0,303108
2200 0,239058 0,356843
2300 0,19957 0,464581
2400 0,179816 0,456761
2500 0,171199 0,434039
2600 0,165104 0,416462
2700 0,158285 0,38977
2800 0,143836 0,324733
2900 0,118371 0,527508
3000 0,0934317 0,694874
3100 0,0797265 0,745929
3200 0,0732702 0,738885
3300 0,0693501 0,723438
3400 0,0665383 0,711032
3500 0,0643826 0,701654
3600 0,0626682 0,694492
3700 0,0612727 0,68898
3800 0,0601214 0,684718
3900 0,0591655 0,681401
4000 0,058369 0,678792
4100 0,0577033 0,676712
4200 0,0571438 0,675029
4300 0,0566706 0,673645
4400 0,0562671 0,672489
4500 0,0559202 0,67151
4600 0,0556194 0,670671
4700 0,0553565 0,669944
4800 0,0551248 0,669308
4900 0,0549193 0,668745
5000 0,0547357 0,668245
5100 0,0545708 0,667797
5200 0,0544217 0,667394
5300 0,0542865 0,667028
5400 0,0541628 0,666695
5500 0,0540496 0,666389
5600 0,0539452 0,66611
5700 0,053849 0,665852
5800 0,05376 0,665612
5900 0,0536771 0,665391
6000 0,0535996 0,665185
6100 0,0535274 0,664993
6200 0,0534597 0,664812
6300 0,0533962 0,664643
6400 0,0533365 0,664484
6500 0,0532796 0,664336
6600 0,0532263 0,664195
6700 0,0531757 0,664062
6800 0,0531279 0,663935
6900 0,0530824 0,663816
7000 0,0530393 0,663702
7100 0,0529981 0,663594
7200 0,0529588 0,663492
7300 0,0529215 0,663394
7400 0,0528857 0,6633
7500 0,0528509 0,663213
7600 0,0528179 0,663127
7700 0,0527863 0,663045
7800 0,052756 0,662967
7900 0,0527268 0,662892
8000 0,0526987 0,66282
8100 0,0526717 0,662751
8200 0,0526457 0,662684
8300 0,0526207 0,66262
8400 0,0525965 0,662558
8500 0,0525732 0,662499
8600 0,0525506 0,662442
8700 0,0525288 0,662387
8800 0,0525076 0,662333
8900 0,0524873 0,662281
9000 0,0524675 0,662231
9100 0,0524484 0,662182
9200 0,0524299 0,662135
9300 0,0524118 0,66209
9400 0,0523942 0,662046
9500 0,0523773 0,662003
9600 0,0523608 0,661962
9700 0,0523447 0,661922
9800 0,0523291 0,661882
9900 0,0523139 0,661845
10000 0,052299 0,661808
10100 0,0522845 0,661772
10200 0,0522705 0,661738
10300 0,0522569 0,661703
10400 0,0522435 0,661671
10500 0,0522304 0,661639
10600 0,0522176 0,661608
10700 0,0522049 0,661578
10800 0,0521925 0,661549
10900 0,0521806 0,66152
11000 0,052169 0,661492
11100 0,0521576 0,661465
11200 0,0521465 0,661437
11300 0,0521356 0,661411
11400 0,052125 0,661385
11500 0,0521146 0,66136
11600 0,0521045 0,661336
11700 0,0520944 0,661312
11800 0,0520846 0,661288
11900 0,0520751 0,661266
12000 0,0520657 0,661243
12100 0,0520564 0,661221
12200 0,0520475 0,6612
12300 0,0520386 0,661179
12400 0,0520299 0,661158
12500 0,0520214 0,661138
12600 0,052013 0,661119
12700 0,0520049 0,661099
12800 0,0519968 0,66108
12900 0,051989 0,661061
13000 0,0519812 0,661044
13100 0,0519736 0,661025
13200 0,0519662 0,661008
13300 0,0519589 0,66099
13400 0,0519517 0,660973
13500 0,0519447 0,660957
13600 0,0519377 0,66094
13700 0,0519308 0,660924
13800 0,0519242 0,660908
13900 0,0519176 0,660893
14000 0,051911 0,660878
14100 0,0519047 0,660862
14200 0,0518984 0,660848
14300 0,0518922 0,660833
14400 0,0518861 0,660819
14500 0,0518801 0,660805
14600 0,0518742 0,660791
14700 0,0518684 0,660778
14800 0,0518627 0,660764
14900 0,051857 0,660751
15000 0,0518514 0,660739
15100 0,051846 0,660726
15200 0,0518405 0,660714
15300 0,0518352 0,660701
15400 0,05183 0,660689
15500 0,0518248 0,660678
15600 0,0518198 0,660666
15700 0,0518147 0,660655
15800 0,0518096 0,660644
15900 0,0518048 0,660632
16000 0,0518001 0,660621
16100 0,0517954 0,66061
16200 0,0517908 0,660599
16300 0,0517862 0,660589
16400 0,0517816 0,660578
16500 0,0517771 0,660568
16600 0,0517727 0,660559
16700 0,0517683 0,660549
16800 0,051764 0,660539
16900 0,0517597 0,660529
17000 0,0517555 0,66052
17100 0,0517513 0,660511
17200 0,0517472 0,660502
17300 0,0517431 0,660493
17400 0,0517392 0,660483
17500 0,0517353 0,660475
17600 0,0517313 0,660466
17700 0,0517274 0,660457
17800 0,0517236 0,660448
17900 0,0517199 0,66044
18000 0,0517162 0,660432
18100 0,0517125 0,660424
18200 0,0517089 0,660416
18300 0,0517054 0,660408
18400 0,0517018 0,6604
18500 0,0516982 0,660392
18600 0,0516947 0,660385
18700 0,0516913 0,660377
18800 0,051688 0,66037
18900 0,0516846 0,660362
19000 0,0516813 0,660355
19100 0,051678 0,660348
19200 0,0516748 0,66034
19300 0,0516716 0,660334
19400 0,0516684 0,660327
19500 0,0516653 0,66032
19600 0,0516622 0,660313
19700 0,051659 0,660306
19800 0,051656 0,6603
19900 0,0516532 0,660293
20000 0,0516501 0,660287
20100 0,0516471 0,66028
20200 0,0516443 0,660273
20300 0,0516414 0,660267
20400 0,0516386 0,660261
20500 0,0516359 0,660254
20600 0,051633 0,660249
20700 0,0516301 0,660243
20800 0,0516275 0,660237
20900 0,0516247 0,660232
21000 0,0516221 0,660225
21100 0,0516196 0,660219
21200 0,0516171 0,660212
21300 0,0516145 0,660207
21400 0,0516118 0,660201
21500 0,0516092 0,660196
21600 0,0516066 0,660191
21700 0,0516042 0,660185
21800 0,0516017 0,66018
21900 0,0515994 0,660174
22000 0,0515969 0,660169
22100 0,0515945 0,660164
22200 0,0515921 0,660158
22300 0,0515897 0,660153
22400 0,0515873 0,660148
22500 0,051585 0,660143
22600 0,0515827 0,660138
22700 0,0515804 0,660133
22800 0,0515783 0,660128
22900 0,0515759 0,660123
23000 0,0515739 0,660118
23100 0,0515716 0,660113
23200 0,0515694 0,660108
23300 0,0515671 0,660104
23400 0,0515649 0,6601
23500 0,0515628 0,660095
23600 0,0515607 0,660091
23700 0,0515586 0,660086
23800 0,0515567 0,660081
23900 0,0515547 0,660076
24000 0,0515526 0,660072
24100 0,0515506 0,660067
24200 0,0515485 0,660063
24300 0,0515465 0,660059
24400 0,0515444 0,660055
24500 0,0515426 0,660051
24600 0,0515405 0,660047
24700 0,0515387 0,660042
24800 0,0515369 0,660038
24900 0,0515351 0,660033
25000 0,0515332 0,66003
25100 0,0515314 0,660025
25200 0,0515295 0,660021
25300 0,0515275 0,660018
25400 0,0515257 0,660014
25500 0,0515239 0,66001
25600 0,0515222 0,660006
25700 0,0515204 0,660002
25800 0,0515186 0,659998
25900 0,051517 0,659994
26000 0,0515151 0,65999
26100 0,0515137 0,659986
26200 0,0515119 0,659983
26300 0,0515103 0,659979
26400 0,0515087 0,659975
26500 0,0515069 0,659971
26600 0,0515051 0,659968
26700 0,0515033 0,659965
26800 0,0515018 0,659961
26900 0,0515004 0,659957
27000 0,0514988 0,659953
27100 0,0514973 0,65995
27200 0,0514953 0,659947
27300 0,0514939 0,659943
27400 0,0514928 0,659939
27500 0,0514914 0,659935
27600 0,0514899 0,659931
27700 0,0514879 0,659929
27800 0,0514861 0,659926
27900 0,0514848 0,659923
28000 0,0514837 0,659918
28100 0,0514823 0,659915
28200 0,0514807 0,659912
28300 0,0514789 0,659909
28400 0,0514775 0,659906
28500 0,0514762 0,659902
28600 0,051475 0,659899
28700 0,0514738 0,659895
28800 0,0514723 0,659892
28900 0,0514709 0,659889
29000 0,0514694 0,659886
29100 0,051468 0,659883
29200 0,0514667 0,65988
29300 0,0514653 0,659877
29400 0,0514638 0,659874
29500 0,0514626 0,659871
29600 0,0514613 0,659867
29700 0,0514601 0,659864
29800 0,0514588 0,659861
29900 0,0514573 0,659859
30000 0,0514558 0,659855
30100 0,0514546 0,659853
30200 0,0514534 0,65985
30300 0,0514524 0,659846
30400 0,0514514 0,659842
30500 0,0514502 0,65984
30600 0,0514486 0,659837
30700 0,0514471 0,659835
30800 0,0514457 0,659832
30900 0,0514446 0,659829
31000 0,0514436 0,659826
31100 0,0514427 0,659822
31200 0,0514414 0,65982
31300 0,0514401 0,659817
31400 0,0514385 0,659815
31500 0,0514372 0,659812
31600 0,0514361 0,65981
31700 0,0514351 0,659807
31800 0,0514344 0,659803
31900 0,0514335 0,6598
32000 0,0514325 0,659796
32100 0,0514311 0,659794
32200 0,0514298 0,659792
32300 0,0514285 0,659789
32400 0,0514273 0,659787
32500 0,0514264 0,659784
32600 0,0514255 0,659781
32700 0,0514243 0,659778
32800 0,0514235 0,659775
32900 0,0514223 0,659772
33000 0,0514212 0,659769
33100 0,0514199 0,659767
33200 0,0514189 0,659765
33300 0,0514178 0,659761
33400 0,0514169 0,659759
33500 0,0514161 0,659756
33600 0,0514153 0,659753
33700 0,0514141 0,65975
33800 0,051413 0,659747
33900 0,051412 0,659745
34000 0,051411 0,659743
34100 0,05141 0,659739
34200 0,051409 0,659737
34300 0,0514082 0,659733
34400 0,0514075 0,65973
34500 0,0514063 0,659729
34600 0,0514053 0,659726
34700 0,0514044 0,659723
34800 0,0514033 0,659721
34900 0,0514023 0,659718
35000 0,0514015 0,659715
35100 0,0514004 0,659713
35200 0,0513997 0,65971
35300 0,0513991 0,659706
35400 0,0513983 0,659704
35500 0,0513974 0,6597
35600 0,0513964 0,659698
35700 0,0513954 0,659696
35800 0,0513945 0,659693
35900 0,0513936 0,659691
36000 0,0513929 0,659687
36100 0,0513918 0,659685
36200 0,051391 0,659683
36300 0,0513904 0,659679
36400 0,0513899 0,659676
36500 0,0513892 0,659672
36600 0,0513882 0,65967
36700 0,0513874 0,659667
36800 0,0513865 0,659665
36900 0,0513858 0,659662
37000 0,0513849 0,659659
37100 0,051384 0,659656
37200 0,0513833 0,659654
37300 0,0513824 0,659651
37400 0,0513818 0,659648
37500 0,0513812 0,659644
37600 0,0513806 0,659641
37700 0,05138 0,659638
37800 0,0513793 0,659635
37900 0,0513787 0,659631
38000 0,0513779 0,659629
38100 0,0513772 0,659626
38200 0,0513765 0,659622
38300 0,0513758 0,659619
38400 0,0513749 0,659617
38500 0,0513743 0,659613
38600 0,0513736 0,659611
38700 0,051373 0,659607
38800 0,0513722 0,659604
38900 0,0513714 0,659601
39000 0,0513708 0,659598
39100 0,0513703 0,659595
39200 0,0513698 0,659591
39300 0,0513691 0,659588
39400 0,0513683 0,659585
39500 0,0513677 0,659581
39600 0,0513673 0,659577
39700 0,0513668 0,659573
39800 0,0513664 0,65957
39900 0,051366 0,659566
40000 0,0513656 0,659561
40100 0,0513652 0,659558
40200 0,0513646 0,659554
40300 0,0513636 0,659551
40400 0,0513629 0,659547
40500 0,0513623 0,659544
40600 0,0513619 0,65954
40700 0,0513616 0,659535
40800 0,0513612 0,659531
40900 0,0513608 0,659526
41000 0,0513603 0,659522
41100 0,0513598 0,659518
41200 0,0513594 0,659514
41300 0,0513591 0,659509
41400 0,0513588 0,659504
41500 0,0513585 0,659499
41600 0,0513582 0,659494
41700 0,0513578 0,659489
41800 0,0513575 0,659484
41900 0,0513573 0,659479
42000 0,0513571 0,659473
42100 0,0513568 0,659468
42200 0,0513565 0,659462
42300 0,0513562 0,659457
42400 0,0513559 0,659451
42500 0,0513558 0,659445
42600 0,0513558 0,659438
42700 0,0513559 0,659432
42800 0,0513559 0,659424
42900 0,051356 0,659418
43000 0,051356 0,659411
43100 0,051356 0,659404
43200 0,0513561 0,659396
43300 0,0513559 0,659389
43400 0,0513557 0,659382
43500 0,0513557 0,659374
43600 0,0513563 0,659365
43700 0,0513565 0,659356
43800 0,0513568 0,659347
43900 0,0513568 0,659338
44000 0,0513569 0,65933
44100 0,0513577 0,659318
44200 0,0513581 0,659308
44300 0,0513585 0,659297
44400 0,0513593 0,659285
44500 0,0513599 0,659274
44600 0,0513605 0,659261
44700 0,0513612 0,659249
44800 0,0513619 0,659236
44900 0,0513627 0,659221
45000 0,0513639 0,659206
45100 0,051365 0,65919
45200 0,0513664 0,659173
45300 0,0513678 0,659155
45400 0,0513692 0,659137
45500 0,0513706 0,659118
45600 0,0513725 0,659097
45700 0,0513745 0,659075
45800 0,0513764 0,659051
45900 0,0513787 0,659027
46000 0,0513812 0,659
46100 0,0513839 0,658972
46200 0,0513866 0,658942
46300 0,05139 0,658909
46400 0,0513933 0,658874
46500 0,0513971 0,658836
46600 0,0514013 0,658795
46700 0,051406 0,658752
46800 0,0514108 0,658704
46900 0,0514163 0,658653
47000 0,0514223 0,658597
47100 0,0514286 0,658536
47200 0,0514357 0,65847
47300 0,0514435 0,658397
47400 0,0514519 0,658318
47500 0,0514612 0,658231
47600 0,0514712 0,658136
47700 0,0514821 0,658032
47800 0,051494 0,657917
47900 0,051507 0,657791
48000 0,0515209 0,657653
48100 0,0515362 0,657501
48200 0,0515527 0,657334
48300 0,0515702 0,657152
48400 0,0515887 0,656952
48500 0,0516087 0,656733
48600 0,0516298 0,656493
48700 0,0516518 0,656231
48800 0,0516751 0,655943
48900 0,0516995 0,655627
49000 0,0517248 0,655279
49100 0,0517511 0,654896
49200 0,0517788 0,654469
49300 0,0518077 0,653991
49400 0,0518382 0,653451
49500 0,0518707 0,652836
49600 0,0519051 0,652127
49700 0,0519426 0,651298
49800 0,0519836 0,650315
49900 0,0520293 0,649128
50000 0,052081 0,647666
50100 0,0521406 0,64582
50200 0,0522108 0,643415
50300 0,0522954 0,640157
50400 0,0524006 0,635502
50500 0,0525356 0,62833
50600 0,0527136 0,615906
50700 0,0529241 0,589495
50800 0,0524112 0,504118
50900 0,0371429 0,248873
51000 0,023387 0,144569
51100 0,0181944 0,109387
51200 0,0155634 0,0914757
51300 0,0139321 0,0801707
51400 0,0127956 0,0720991
51500 0,0119336 0,0658916
51600 0,0112302 0,0609208
51700 0,0106275 0,0568506
51800 0,0100983 0,0534539
51900 0,00962802 0,0505625
