100 0,253514 0,290491
200 0,253309 0,283831
300 0,253172 0,279158
400 0,253073 0,275721
500 0,252996 0,273106
600 0,252931 0,271061
700 0,252876 0,269432
800 0,252827 0,268113
900 0,252782 0,267035
1000 0,252739 0,266146
1100 0,2527 0,26541
1200 0,252662 0,265428
1300 0,252625 0,265426
1400 0,252589 0,265412
1500 0,252554 0,265395
1600 0,25252 0,265383
1700 0,252487 0,265382
1800 0,252454 0,265398
1900 0,252421 0,265434
2000 0,252389 0,265494
2100 0,252356 0,265582
2200 0,252324 0,265699
2300 0,252291 0,265847
2400 0,252258 0,266028
2500 0,252224 0,26624
2600 0,25219 0,266485
2700 0,252155 0,266759
2800 0,252119 0,267061
2900 0,252082 0,267388
3000 0,252044 0,267736
3100 0,252005 0,268103
3200 0,251964 0,269418
3300 0,251921 0,271019
3400 0,251876 0,272689
3500 0,251829 0,274426
3600 0,251779 0,276232
3700 0,251725 0,278113
3800 0,251666 0,280078
3900 0,251602 0,282145
4000 0,25153 0,284336
4100 0,251449 0,286681
4200 0,251355 0,289219
4300 0,251246 0,291996
4400 0,251116 0,295072
4500 0,250959 0,298518
4600 0,250767 0,302423
4700 0,250528 0,306897
4800 0,250225 0,312074
4900 0,249834 0,31812
5000 0,249321 0,325238
5100 0,248636 0,33367
5200 0,247705 0,343675
5300 0,24642 0,355483
5400 0,244625 0,369156
5500 0,242106 0,384305
5600 0,238596 0,399591
5700 0,233805 0,412126
5800 0,227485 0,417296
5900 0,2195 0,409965
6000 0,209864 0,387255
6100 0,198797 0,351024
6200 0,186766 0,307467
6300 0,17444 0,337614
6400 0,162509 0,375399
6500 0,151522 0,416757
6600 0,141789 0,458054
6700 0,133362 0,496461
6800 0,126119 0,530746
6900 0,119872 0,56079
7000 0,114429 0,586942
7100 0,109619 0,609669
7200 0,1053 0,629404
7300 0,101369 0,646457
7400 0,0977601 0,66098
7500 0,0944406 0,673011
7600 0,0913912 0,68258
7700 0,0885951 0,689803
7800 0,0860346 0,694896
7900 0,0836914 0,698155
8000 0,0815486 0,699912
8100 0,0795889 0,700497
8200 0,0777967 0,700212
8300 0,0761573 0,699322
8400 0,0746573 0,698037
8500 0,0732844 0,696515
8600 0,0720271 0,694874
8700 0,0708755 0,693192
8800 0,0698199 0,691516
8900 0,0688515 0,68988
9000 0,0679623 0,688301
9100 0,0671449 0,686787
9200 0,0663927 0,685344
9300 0,0656992 0,683971
9400 0,0650592 0,682667
9500 0,0644675 0,681428
9600 0,0639193 0,680253
9700 0,0634108 0,679138
9800 0,0629381 0,678079
9900 0,062498 0,677075
10000 0,0620875 0,67612
10100 0,0617038 0,675212
10200 0,0613446 0,674349
10300 0,0610078 0,673528
10400 0,0606914 0,672745
10500 0,0603936 0,672001
10600 0,060113 0,671291
10700 0,0598482 0,670614
10800 0,059598 0,669966
10900 0,0593612 0,669347
11000 0,0591367 0,668757
11100 0,0589236 0,668192
11200 0,0587213 0,667651
11300 0,0585287 0,667132
11400 0,0583454 0,666635
11500 0,0581705 0,666156
11600 0,0580037 0,665698
11700 0,0578441 0,665258
11800 0,0576916 0,664834
11900 0,0575455 0,664427
12000 0,0574056 0,664035
12100 0,0572712 0,663658
12200 0,0571425 0,663295
12300 0,0570187 0,662944
12400 0,0568997 0,662605
12500 0,0567849 0,662279
12600 0,0566745 0,661963
12700 0,0565681 0,661659
12800 0,0564655 0,661363
12900 0,0563664 0,661078
13000 0,0562708 0,660803
13100 0,0561784 0,660536
13200 0,0560891 0,660277
13300 0,0560028 0,660026
13400 0,0559193 0,659783
13500 0,0558385 0,659547
13600 0,0557602 0,659316
13700 0,0556842 0,659092
13800 0,0556106 0,658875
13900 0,055539 0,658665
14000 0,0554695 0,658461
14100 0,055402 0,658264
14200 0,0553363 0,658073
14300 0,0552724 0,657885
14400 0,0552104 0,657703
14500 0,0551503 0,657524
14600 0,0550915 0,657349
14700 0,0550343 0,657181
14800 0,0549788 0,657014
14900 0,0549244 0,656853
15000 0,0548712 0,656697
15100 0,0548196 0,656544
15200 0,0547693 0,656394
15300 0,0547203 0,656246
15400 0,0546724 0,656103
15500 0,0546254 0,655964
15600 0,0545796 0,655828
15700 0,054535 0,655695
15800 0,0544912 0,655565
15900 0,0544486 0,655438
16000 0,0544068 0,655313
16100 0,0543659 0,655193
16200 0,054326 0,655074
16300 0,054287 0,654957
16400 0,0542488 0,654842
16500 0,0542113 0,654729
16600 0,0541746 0,65462
16700 0,0541387 0,654512
16800 0,0541034 0,654408
16900 0,0540688 0,654307
17000 0,0540348 0,654208
17100 0,0540017 0,65411
17200 0,0539693 0,654013
17300 0,0539374 0,653919
17400 0,0539063 0,653825
17500 0,0538756 0,653734
17600 0,0538457 0,653643
17700 0,0538162 0,653554
17800 0,0537871 0,653467
17900 0,0537586 0,653382
18000 0,0537306 0,653299
18100 0,0537031 0,653217
18200 0,0536761 0,653137
18300 0,0536496 0,653059
18400 0,0536235 0,652981
18500 0,0535979 0,652904
18600 0,0535728 0,652828
18700 0,0535481 0,652753
18800 0,0535236 0,65268
18900 0,0534995 0,652609
19000 0,0534759 0,652539
19100 0,0534527 0,652471
19200 0,0534298 0,652404
19300 0,0534073 0,652337
19400 0,0533852 0,652271
19500 0,0533634 0,652207
19600 0,053342 0,652143
19700 0,0533208 0,652081
19800 0,0533 0,652019
19900 0,0532797 0,651957
20000 0,0532594 0,651897
20100 0,0532396 0,651838
20200 0,05322 0,65178
20300 0,0532009 0,651722
20400 0,0531819 0,651665
20500 0,0531631 0,651609
20600 0,0531447 0,651555
20700 0,0531264 0,651501
20800 0,0531085 0,651448
20900 0,0530908 0,651395
21000 0,0530732 0,651343
21100 0,053056 0,651292
21200 0,0530392 0,651241
21300 0,0530224 0,651191
21400 0,0530059 0,651142
21500 0,0529895 0,651094
21600 0,0529733 0,651048
21700 0,0529574 0,651001
21800 0,0529417 0,650954
21900 0,0529263 0,650908
22000 0,0529111 0,650862
22100 0,0528959 0,650817
22200 0,0528809 0,650774
22300 0,0528661 0,650731
22400 0,0528516 0,650688
22500 0,0528373 0,650646
22600 0,0528231 0,650604
22700 0,0528092 0,650562
22800 0,0527954 0,650521
22900 0,0527818 0,650481
23000 0,0527684 0,65044
23100 0,0527551 0,6504
23200 0,0527418 0,650362
23300 0,0527289 0,650324
23400 0,0527161 0,650286
23500 0,0527034 0,650248
23600 0,0526908 0,650211
23700 0,0526783 0,650176
23800 0,052666 0,650139
23900 0,0526539 0,650103
24000 0,0526418 0,650068
24100 0,05263 0,650034
24200 0,0526183 0,649998
24300 0,0526067 0,649963
24400 0,0525953 0,64993
24500 0,0525839 0,649896
24600 0,0525726 0,649864
24700 0,0525615 0,649831
24800 0,0525506 0,649799
24900 0,0525397 0,649767
25000 0,0525289 0,649736
25100 0,0525182 0,649705
25200 0,0525077 0,649673
25300 0,0524973 0,649644
25400 0,0524869 0,649613
25500 0,0524766 0,649583
25600 0,0524666 0,649553
25700 0,0524566 0,649523
25800 0,0524468 0,649493
25900 0,0524371 0,649464
26000 0,0524274 0,649434
26100 0,0524177 0,649406
26200 0,0524082 0,649378
26300 0,0523986 0,649352
26400 0,0523892 0,649325
26500 0,0523799 0,649298
26600 0,0523708 0,64927
26700 0,0523616 0,649245
26800 0,0523525 0,649219
26900 0,0523435 0,649192
27000 0,0523346 0,649167
27100 0,0523258 0,649142
27200 0,0523173 0,649116
27300 0,0523088 0,649091
27400 0,0523004 0,649065
27500 0,0522921 0,64904
27600 0,0522837 0,649015
27700 0,0522754 0,648992
27800 0,0522672 0,648967
27900 0,052259 0,648945
28000 0,052251 0,648921
28100 0,0522431 0,648898
28200 0,0522351 0,648874
28300 0,0522273 0,648852
28400 0,0522196 0,64883
28500 0,0522119 0,648808
28600 0,0522042 0,648786
28700 0,0521967 0,648763
28800 0,0521891 0,648743
28900 0,0521816 0,648721
29000 0,0521742 0,6487
29100 0,0521669 0,648679
29200 0,0521596 0,648657
29300 0,0521524 0,648638
29400 0,0521453 0,648616
29500 0,0521382 0,648596
29600 0,0521312 0,648576
29700 0,0521242 0,648556
29800 0,0521172 0,648536
29900 0,0521104 0,648517
30000 0,0521036 0,648498
30100 0,0520969 0,648478
30200 0,0520902 0,648459
30300 0,0520836 0,64844
30400 0,0520771 0,648422
30500 0,0520705 0,648403
30600 0,052064 0,648384
30700 0,0520576 0,648366
30800 0,0520513 0,648349
30900 0,052045 0,648329
31000 0,0520389 0,648311
31100 0,0520328 0,648294
31200 0,0520265 0,648275
31300 0,0520205 0,648257
31400 0,0520144 0,64824
31500 0,0520084 0,648223
31600 0,0520024 0,648206
31700 0,0519966 0,648189
31800 0,0519907 0,648172
31900 0,0519849 0,648156
32000 0,051979 0,648139
32100 0,0519732 0,648123
32200 0,0519674 0,648108
32300 0,0519617 0,648091
32400 0,051956 0,648076
32500 0,0519505 0,64806
32600 0,0519449 0,648044
32700 0,0519395 0,648028
32800 0,051934 0,648013
32900 0,0519287 0,647997
33000 0,0519234 0,647981
33100 0,051918 0,647967
33200 0,0519127 0,647951
33300 0,0519074 0,647936
33400 0,0519022 0,647921
33500 0,051897 0,647907
33600 0,0518918 0,647892
33700 0,0518867 0,647879
33800 0,0518817 0,647863
33900 0,0518767 0,647849
34000 0,0518717 0,647834
34100 0,0518668 0,64782
34200 0,0518617 0,647807
34300 0,0518569 0,647792
34400 0,051852 0,647779
34500 0,0518472 0,647766
34600 0,0518424 0,647753
34700 0,0518376 0,647738
34800 0,0518328 0,647725
34900 0,0518281 0,647712
35000 0,0518234 0,6477
35100 0,0518188 0,647686
35200 0,0518141 0,647672
35300 0,0518096 0,64766
35400 0,0518049 0,647648
35500 0,0518004 0,647635
35600 0,0517959 0,647621
35700 0,0517915 0,647609
35800 0,0517871 0,647596
35900 0,0517826 0,647584
36000 0,0517782 0,647571
36100 0,0517738 0,647559
36200 0,0517695 0,647547
36300 0,0517651 0,647536
36400 0,0517608 0,647523
36500 0,0517566 0,647511
36600 0,0517524 0,647498
36700 0,0517482 0,647487
36800 0,0517441 0,647474
36900 0,05174 0,647464
37000 0,051736 0,647451
37100 0,0517318 0,647439
37200 0,0517278 0,647428
37300 0,0517237 0,647417
37400 0,0517198 0,647406
37500 0,0517157 0,647394
37600 0,0517118 0,647382
37700 0,0517077 0,647372
37800 0,0517038 0,647362
37900 0,0516999 0,647351
38000 0,0516962 0,647338
38100 0,0516923 0,647327
38200 0,0516885 0,647316
38300 0,0516846 0,647306
38400 0,0516809 0,647296
38500 0,0516771 0,647285
38600 0,0516734 0,647273
38700 0,0516698 0,647262
38800 0,0516661 0,647252
38900 0,0516623 0,647242
39000 0,0516586 0,647232
39100 0,0516549 0,64722
39200 0,0516512 0,647211
39300 0,0516476 0,647203
39400 0,051644 0,647192
39500 0,0516403 0,647181
39600 0,0516368 0,647171
39700 0,0516332 0,647162
39800 0,0516296 0,647154
39900 0,051626 0,647144
40000 0,0516225 0,647134
40100 0,051619 0,647126
40200 0,0516156 0,647116
40300 0,0516122 0,647105
40400 0,0516088 0,647096
40500 0,0516055 0,647086
40600 0,051602 0,647078
40700 0,0515987 0,647068
40800 0,0515952 0,647061
40900 0,0515918 0,647051
41000 0,0515885 0,647042
41100 0,0515852 0,647032
41200 0,051582 0,647023
41300 0,0515788 0,647015
41400 0,0515757 0,647007
41500 0,0515726 0,646999
41600 0,0515693 0,646987
41700 0,0515661 0,646978
41800 0,051563 0,64697
41900 0,0515598 0,646962
42000 0,0515566 0,646954
42100 0,0515536 0,646945
42200 0,0515505 0,646937
42300 0,0515474 0,646928
42400 0,0515444 0,64692
42500 0,0515414 0,64691
42600 0,0515383 0,646904
42700 0,0515352 0,646897
42800 0,0515322 0,646889
42900 0,0515292 0,646881
43000 0,0515261 0,646871
43100 0,0515234 0,646863
43200 0,0515205 0,646853
43300 0,0515176 0,646847
43400 0,0515148 0,646839
43500 0,0515119 0,646831
43600 0,0515089 0,646824
43700 0,0515061 0,646816
43800 0,0515032 0,646808
43900 0,0515004 0,6468
44000 0,0514978 0,646792
44100 0,051495 0,646784
44200 0,0514922 0,646777
44300 0,0514895 0,646769
44400 0,0514868 0,646761
44500 0,0514841 0,646753
44600 0,0514814 0,646745
44700 0,0514787 0,646738
44800 0,051476 0,646729
44900 0,0514732 0,646724
45000 0,0514705 0,646717
45100 0,0514678 0,64671
45200 0,0514651 0,646702
45300 0,0514625 0,646695
45400 0,05146 0,646687
45500 0,0514572 0,646679
45600 0,0514545 0,646674
45700 0,0514519 0,646668
45800 0,0514494 0,646661
45900 0,0514467 0,646653
46000 0,051444 0,646647
46100 0,0514413 0,646642
46200 0,0514388 0,646636
46300 0,0514363 0,646629
46400 0,0514337 0,64662
46500 0,0514313 0,646614
46600 0,0514289 0,646607
46700 0,0514265 0,646599
46800 0,0514241 0,646594
46900 0,0514217 0,646587
47000 0,0514193 0,646579
47100 0,0514169 0,646573
47200 0,0514145 0,646566
47300 0,0514121 0,646559
47400 0,0514098 0,646554
47500 0,0514073 0,646546
47600 0,051405 0,64654
47700 0,0514028 0,646531
47800 0,0514005 0,646527
47900 0,0513982 0,646522
48000 0,0513958 0,646514
48100 0,0513935 0,646509
48200 0,0513912 0,6465
48300 0,0513888 0,646495
48400 0,0513865 0,646489
48500 0,0513842 0,646483
48600 0,0513819 0,646477
48700 0,0513796 0,646472
48800 0,0513774 0,646466
48900 0,0513751 0,646458
49000 0,0513729 0,646453
49100 0,0513707 0,646447
49200 0,0513685 0,646441
49300 0,0513663 0,646436
49400 0,0513642 0,646429
49500 0,0513622 0,646423
49600 0,05136 0,646417
49700 0,0513579 0,646412
49800 0,051356 0,646405
49900 0,0513539 0,646399
50000 0,0513516 0,646392
50100 0,0513495 0,646387
50200 0,0513474 0,646382
50300 0,0513454 0,646374
50400 0,0513434 0,64637
50500 0,0513415 0,646364
50600 0,0513395 0,646358
50700 0,0513375 0,646354
50800 0,0513354 0,646347
50900 0,0513334 0,64634
51000 0,0513315 0,646334
51100 0,0513295 0,646328
51200 0,0513273 0,646324
51300 0,0513252 0,64632
51400 0,0513233 0,646314
51500 0,0513213 0,64631
51600 0,0513192 0,646305
51700 0,0513171 0,646297
51800 0,051315 0,646293
51900 0,0513129 0,646287
52000 0,0513108 0,646283
52100 0,0513089 0,646278
52200 0,0513071 0,646274
52300 0,0513052 0,646269
52400 0,0513032 0,646263
52500 0,0513013 0,646258
52600 0,0512993 0,646253
52700 0,0512975 0,646249
52800 0,0512956 0,646243
52900 0,0512937 0,646236
53000 0,0512918 0,646232
53100 0,0512899 0,646228
53200 0,0512879 0,646223
53300 0,051286 0,646219
53400 0,0512843 0,646213
53500 0,0512824 0,646208
53600 0,0512806 0,646205
53700 0,0512788 0,6462
53800 0,0512771 0,646193
53900 0,0512753 0,646189
54000 0,0512735 0,646185
54100 0,0512716 0,646179
54200 0,0512699 0,646174
54300 0,0512682 0,646169
54400 0,0512665 0,646164
54500 0,0512647 0,646158
54600 0,0512628 0,646155
54700 0,051261 0,64615
54800 0,0512593 0,646147
54900 0,0512576 0,646142
55000 0,0512559 0,646139
55100 0,0512541 0,646135
55200 0,0512524 0,64613
55300 0,0512506 0,646124
55400 0,0512488 0,64612
55500 0,0512471 0,646114
55600 0,0512454 0,646109
55700 0,0512437 0,646106
55800 0,0512421 0,646102
55900 0,0512403 0,646096
56000 0,0512385 0,646093
56100 0,0512368 0,646091
56200 0,0512353 0,646086
56300 0,0512337 0,646081
56400 0,051232 0,646077
56500 0,0512302 0,646072
56600 0,0512284 0,64607
56700 0,0512268 0,646064
56800 0,0512252 0,646061
56900 0,0512236 0,646055
57000 0,051222 0,646053
57100 0,0512204 0,646049
57200 0,0512188 0,646044
57300 0,0512172 0,646037
57400 0,0512157 0,646035
57500 0,0512141 0,64603
57600 0,0512126 0,646024
57700 0,0512111 0,646021
57800 0,0512096 0,646018
57900 0,051208 0,646013
58000 0,0512064 0,64601
58100 0,0512048 0,646007
58200 0,0512032 0,646004
58300 0,0512017 0,645997
58400 0,0512002 0,645993
58500 0,0511987 0,645989
58600 0,0511972 0,645986
58700 0,0511958 0,645983
58800 0,0511942 0,645978
58900 0,0511927 0,645973
59000 0,0511911 0,645969
59100 0,0511896 0,645966
59200 0,0511881 0,645961
59300 0,0511867 0,645959
59400 0,0511853 0,645956
59500 0,051184 0,645951
59600 0,0511825 0,645946
59700 0,0511811 0,645943
59800 0,0511797 0,645939
59900 0,0511783 0,645936
60000 0,0511768 0,64593
60100 0,0511754 0,645925
60200 0,0511739 0,645924
60300 0,0511725 0,645919
60400 0,0511711 0,645914
60500 0,0511696 0,64591
60600 0,0511682 0,645907
60700 0,0511668 0,645904
60800 0,0511653 0,645901
60900 0,0511638 0,645898
61000 0,0511624 0,645896
61100 0,051161 0,645891
61200 0,0511595 0,645887
61300 0,0511581 0,645883
61400 0,0511567 0,64588
61500 0,0511553 0,645877
61600 0,0511539 0,645873
61700 0,0511525 0,64587
61800 0,0511511 0,645867
61900 0,0511497 0,645864
62000 0,0511483 0,645861
62100 0,0511471 0,645856
62200 0,0511458 0,645853
62300 0,0511446 0,645848
62400 0,0511433 0,645845
62500 0,051142 0,64584
62600 0,0511406 0,645837
62700 0,0511393 0,645835
62800 0,0511378 0,64583
62900 0,0511365 0,645826
63000 0,0511351 0,645825
63100 0,0511339 0,64582
63200 0,0511325 0,645816
63300 0,0511311 0,645815
63400 0,0511297 0,645812
63500 0,0511284 0,645809
63600 0,051127 0,645806
63700 0,0511257 0,645803
63800 0,0511245 0,645801
63900 0,0511233 0,645796
64000 0,051122 0,645791
64100 0,0511208 0,645788
64200 0,0511194 0,645786
64300 0,0511181 0,645782
64400 0,0511169 0,645779
64500 0,0511157 0,645775
64600 0,0511146 0,645773
64700 0,0511133 0,645769
64800 0,0511121 0,645765
64900 0,051111 0,645761
65000 0,0511098 0,645759
65100 0,0511087 0,645754
65200 0,0511075 0,645752
65300 0,0511063 0,645749
65400 0,0511051 0,645746
65500 0,0511039 0,645743
65600 0,0511027 0,64574
65700 0,0511014 0,645737
65800 0,0511002 0,645733
65900 0,051099 0,64573
66000 0,0510978 0,645729
66100 0,0510966 0,645725
66200 0,0510954 0,645721
66300 0,0510942 0,645718
66400 0,0510929 0,645717
66500 0,0510918 0,645713
66600 0,0510907 0,64571
66700 0,0510896 0,645705
66800 0,0510884 0,6457
66900 0,0510873 0,645699
67000 0,0510862 0,645697
67100 0,051085 0,645695
67200 0,0510839 0,645692
67300 0,051083 0,645688
67400 0,0510819 0,645684
67500 0,0510807 0,645683
67600 0,0510795 0,645681
67700 0,0510783 0,645678
67800 0,0510771 0,645675
67900 0,0510761 0,645672
68000 0,051075 0,645669
68100 0,0510739 0,645665
68200 0,0510728 0,645661
68300 0,0510718 0,645657
68400 0,0510708 0,645656
68500 0,0510697 0,645652
68600 0,0510685 0,645649
68700 0,0510673 0,645648
68800 0,0510661 0,645645
68900 0,051065 0,645641
69000 0,0510639 0,645641
69100 0,0510628 0,645639
69200 0,0510616 0,645635
69300 0,0510606 0,645633
69400 0,0510596 0,645631
69500 0,0510585 0,645627
69600 0,0510575 0,645623
69700 0,0510564 0,645622
69800 0,0510552 0,645619
69900 0,051054 0,645618
70000 0,0510529 0,645615
70100 0,0510518 0,645612
70200 0,0510508 0,645608
70300 0,0510498 0,645604
70400 0,0510489 0,645602
70500 0,0510481 0,645599
70600 0,0510472 0,645598
70700 0,0510462 0,645596
70800 0,0510452 0,645591
70900 0,0510443 0,645587
71000 0,0510432 0,645584
71100 0,0510423 0,645581
71200 0,0510412 0,645579
71300 0,0510402 0,645579
71400 0,0510393 0,645575
71500 0,0510384 0,645571
71600 0,0510374 0,645568
71700 0,0510363 0,645565
71800 0,0510353 0,645563
71900 0,0510342 0,645561
72000 0,0510332 0,64556
72100 0,0510322 0,645558
72200 0,0510313 0,645556
72300 0,0510303 0,645551
72400 0,0510294 0,645548
72500 0,0510285 0,645545
72600 0,0510276 0,645543
72700 0,0510266 0,64554
72800 0,0510256 0,645537
72900 0,0510245 0,645536
73000 0,0510235 0,645533
73100 0,0510224 0,64553
73200 0,0510214 0,645528
73300 0,0510204 0,645526
73400 0,0510195 0,645524
73500 0,0510186 0,645522
73600 0,0510176 0,645518
73700 0,0510167 0,645518
73800 0,0510159 0,645515
73900 0,0510148 0,645512
74000 0,0510138 0,645509
74100 0,0510128 0,645509
74200 0,0510118 0,645506
74300 0,0510109 0,645503
74400 0,05101 0,645501
74500 0,0510091 0,6455
74600 0,0510082 0,645496
74700 0,0510073 0,645492
74800 0,0510065 0,645488
74900 0,0510056 0,645486
75000 0,0510046 0,645484
75100 0,0510037 0,645481
75200 0,0510027 0,64548
75300 0,0510017 0,64548
75400 0,0510008 0,645476
75500 0,0509997 0,645473
75600 0,0509988 0,645474
75700 0,0509979 0,645472
75800 0,050997 0,645469
75900 0,050996 0,645466
76000 0,050995 0,645463
76100 0,0509941 0,645463
76200 0,0509932 0,64546
76300 0,0509923 0,645459
76400 0,0509915 0,645456
76500 0,0509905 0,645455
76600 0,0509895 0,645453
76700 0,0509886 0,645449
76800 0,0509877 0,645444
76900 0,0509868 0,645444
77000 0,0509859 0,645441
77100 0,050985 0,645439
77200 0,0509841 0,645438
77300 0,0509833 0,645435
77400 0,0509825 0,645433
77500 0,0509815 0,64543
77600 0,0509807 0,645428
77700 0,0509799 0,645427
77800 0,0509791 0,645425
77900 0,0509783 0,645423
78000 0,0509774 0,64542
78100 0,0509765 0,645418
78200 0,0509756 0,645416
78300 0,0509748 0,645414
78400 0,050974 0,645413
78500 0,0509731 0,645412
78600 0,0509722 0,645409
78700 0,0509714 0,645406
78800 0,0509706 0,645403
78900 0,0509697 0,6454
79000 0,0509689 0,645398
79100 0,0509681 0,645397
79200 0,0509673 0,645394
79300 0,0509665 0,645392
79400 0,0509657 0,64539
79500 0,0509649 0,645387
79600 0,0509641 0,645384
79700 0,0509631 0,645382
79800 0,0509622 0,645381
79900 0,0509613 0,645379
80000 0,0509605 0,64538
80100 0,0509596 0,645377
80200 0,0509587 0,645375
80300 0,0509579 0,645373
80400 0,0509572 0,645372
80500 0,0509565 0,645369
80600 0,0509558 0,645364
80700 0,0509551 0,645362
80800 0,0509544 0,645362
80900 0,0509537 0,64536
81000 0,0509529 0,645358
81100 0,0509522 0,645356
81200 0,0509514 0,645354
81300 0,0509507 0,645352
81400 0,0509499 0,645349
81500 0,0509492 0,645346
81600 0,0509484 0,645343
81700 0,0509476 0,645342
81800 0,0509468 0,645343
81900 0,050946 0,645342
82000 0,0509452 0,645338
82100 0,0509444 0,645335
82200 0,0509436 0,645332
82300 0,0509429 0,64533
82400 0,0509422 0,645329
82500 0,0509415 0,645327
82600 0,0509408 0,645324
82700 0,0509402 0,645321
82800 0,0509394 0,645322
82900 0,0509387 0,64532
83000 0,0509379 0,645317
83100 0,0509372 0,645315
83200 0,0509364 0,645314
83300 0,0509356 0,645311
83400 0,0509348 0,645309
83500 0,050934 0,645308
83600 0,0509332 0,645307
83700 0,0509325 0,645306
83800 0,0509318 0,645306
83900 0,0509311 0,645303
84000 0,0509303 0,645301
84100 0,0509295 0,645299
84200 0,0509288 0,645296
84300 0,050928 0,645294
84400 0,0509271 0,645293
84500 0,0509263 0,64529
84600 0,0509256 0,645288
84700 0,0509248 0,645288
84800 0,0509241 0,645286
84900 0,0509234 0,645283
85000 0,0509227 0,645281
85100 0,050922 0,645279
85200 0,0509212 0,645278
85300 0,0509205 0,645276
85400 0,0509198 0,645273
85500 0,0509191 0,64527
85600 0,0509183 0,64527
85700 0,0509176 0,645272
85800 0,0509169 0,645271
85900 0,0509161 0,645268
86000 0,0509154 0,645266
86100 0,0509146 0,645264
86200 0,0509139 0,645262
86300 0,0509132 0,645259
86400 0,0509126 0,645259
86500 0,050912 0,645256
86600 0,0509113 0,645256
86700 0,0509107 0,645254
86800 0,0509101 0,645252
86900 0,0509094 0,64525
87000 0,0509087 0,645248
87100 0,0509081 0,645246
87200 0,0509074 0,645245
87300 0,0509067 0,645241
87400 0,0509061 0,645238
87500 0,0509055 0,645235
87600 0,0509048 0,645234
87700 0,0509041 0,645232
87800 0,0509034 0,645234
87900 0,0509028 0,645232
88000 0,0509021 0,645229
88100 0,0509014 0,645227
88200 0,0509007 0,645225
88300 0,0509001 0,645225
88400 0,0508994 0,645223
88500 0,0508987 0,645222
88600 0,050898 0,64522
88700 0,0508974 0,645218
88800 0,0508968 0,645216
88900 0,0508962 0,645215
89000 0,0508956 0,645214
89100 0,0508951 0,645212
89200 0,0508945 0,64521
89300 0,0508939 0,645208
89400 0,0508933 0,645206
89500 0,0508925 0,645204
89600 0,0508917 0,645205
89700 0,050891 0,645202
89800 0,0508903 0,645199
89900 0,0508896 0,645197
90000 0,0508889 0,645196
90100 0,0508882 0,645196
90200 0,0508875 0,645194
90300 0,0508869 0,645191
90400 0,0508863 0,645189
90500 0,0508857 0,645188
90600 0,0508851 0,645189
90700 0,0508845 0,645187
90800 0,0508838 0,645185
90900 0,0508833 0,645185
91000 0,0508826 0,645182
91100 0,050882 0,64518
91200 0,0508813 0,645177
91300 0,0508805 0,645176
91400 0,0508798 0,645176
91500 0,0508791 0,645175
91600 0,0508785 0,645173
91700 0,0508778 0,645171
91800 0,0508773 0,645169
91900 0,0508767 0,645168
92000 0,0508762 0,645168
92100 0,0508756 0,645167
92200 0,050875 0,645166
92300 0,0508745 0,645163
92400 0,050874 0,645161
92500 0,0508734 0,64516
92600 0,0508729 0,645157
92700 0,0508722 0,645155
92800 0,0508716 0,645155
92900 0,0508711 0,645153
93000 0,0508706 0,645153
93100 0,05087 0,645151
93200 0,0508694 0,645149
93300 0,0508688 0,645147
93400 0,0508682 0,645144
93500 0,0508676 0,645142
93600 0,050867 0,645142
93700 0,0508664 0,64514
93800 0,0508659 0,645138
93900 0,0508654 0,645136
94000 0,0508648 0,645133
94100 0,0508643 0,645131
94200 0,0508638 0,64513
94300 0,0508632 0,645131
94400 0,0508626 0,645129
94500 0,050862 0,645128
94600 0,0508614 0,645128
94700 0,0508607 0,645127
94800 0,0508601 0,645126
94900 0,0508595 0,645124
95000 0,0508588 0,645122
95100 0,0508582 0,645121
95200 0,0508576 0,645121
95300 0,0508571 0,645118
95400 0,0508565 0,645116
95500 0,050856 0,645116
95600 0,0508554 0,645114
95700 0,0508547 0,645113
95800 0,0508542 0,645112
95900 0,0508536 0,645111
96000 0,0508531 0,64511
96100 0,0508527 0,645107
96200 0,0508522 0,645104
96300 0,0508516 0,645102
96400 0,0508511 0,645101
96500 0,0508505 0,645101
96600 0,05085 0,645102
96700 0,0508494 0,645099
96800 0,050849 0,645097
96900 0,0508486 0,645095
97000 0,050848 0,645094
97100 0,0508474 0,645092
97200 0,0508469 0,645091
97300 0,0508464 0,645091
97400 0,0508459 0,64509
97500 0,0508454 0,645087
97600 0,0508448 0,645085
97700 0,0508443 0,645084
97800 0,0508437 0,645084
97900 0,0508432 0,645084
98000 0,0508427 0,645083
98100 0,0508421 0,645082
98200 0,0508415 0,645081
98300 0,050841 0,645077
98400 0,0508404 0,645075
98500 0,0508399 0,645072
98600 0,0508393 0,645071
98700 0,0508387 0,645072
98800 0,0508382 0,64507
98900 0,0508377 0,645069
99000 0,0508372 0,64507
99100 0,0508367 0,645068
99200 0,0508361 0,645066
99300 0,0508355 0,645066
99400 0,0508348 0,645066
99500 0,0508342 0,645065
99600 0,0508336 0,645062
99700 0,050833 0,645059
99800 0,0508324 0,645057
99900 0,0508319 0,645057
100000 0,0508314 0,645055
100100 0,0508309 0,645055
100200 0,0508303 0,645055
100300 0,0508298 0,645054
100400 0,0508294 0,645052
100500 0,050829 0,645051
100600 0,0508286 0,645049
100700 0,0508282 0,645049
100800 0,0508278 0,645047
100900 0,0508273 0,645044
101000 0,0508269 0,645043
101100 0,0508264 0,645041
101200 0,0508259 0,645039
101300 0,0508254 0,645038
101400 0,0508249 0,645038
101500 0,0508243 0,645037
101600 0,0508238 0,645037
101700 0,0508232 0,645035
101800 0,0508227 0,645034
101900 0,0508222 0,645033
102000 0,0508217 0,645032
102100 0,0508212 0,645031
102200 0,0508207 0,64503
102300 0,0508201 0,645029
102400 0,0508197 0,645028
102500 0,0508192 0,645027
102600 0,0508188 0,645026
102700 0,0508184 0,645023
102800 0,0508181 0,645021
102900 0,0508177 0,645021
103000 0,0508173 0,645021
103100 0,0508169 0,645017
103200 0,0508165 0,645015
103300 0,0508161 0,645015
103400 0,0508157 0,645013
103500 0,0508153 0,645011
103600 0,0508149 0,645009
103700 0,0508143 0,645007
103800 0,0508138 0,645007
103900 0,0508133 0,645007
104000 0,0508128 0,645007
104100 0,0508123 0,645006
104200 0,0508118 0,645004
104300 0,0508112 0,645002
104400 0,0508107 0,645001
104500 0,0508102 0,644999
104600 0,0508098 0,644998
104700 0,0508093 0,644996
104800 0,0508088 0,644995
104900 0,0508083 0,644995
105000 0,0508078 0,644994
105100 0,0508073 0,644993
105200 0,0508068 0,644992
105300 0,0508063 0,64499
105400 0,0508058 0,644989
105500 0,0508053 0,644989
105600 0,0508048 0,644988
105700 0,0508044 0,644988
105800 0,0508039 0,644987
105900 0,0508034 0,644986
106000 0,0508029 0,644984
106100 0,0508024 0,644982
106200 0,0508019 0,644981
106300 0,0508014 0,64498
106400 0,050801 0,64498
106500 0,0508006 0,644979
106600 0,0508002 0,644978
106700 0,0507997 0,644975
106800 0,0507992 0,644974
106900 0,0507987 0,644973
107000 0,0507983 0,644972
107100 0,0507978 0,644971
107200 0,0507973 0,64497
107300 0,0507969 0,644969
107400 0,0507964 0,644968
107500 0,050796 0,644968
107600 0,0507955 0,644966
107700 0,0507951 0,644964
107800 0,0507947 0,644962
107900 0,0507942 0,64496
108000 0,0507938 0,644959
108100 0,0507935 0,644959
108200 0,0507931 0,644959
108300 0,0507926 0,644958
108400 0,0507922 0,644957
108500 0,0507919 0,644955
108600 0,0507915 0,644954
108700 0,050791 0,644954
108800 0,0507906 0,644954
108900 0,0507901 0,644953
109000 0,0507897 0,644951
109100 0,0507893 0,644949
109200 0,0507889 0,644948
109300 0,0507885 0,644946
109400 0,050788 0,644944
109500 0,0507875 0,644944
109600 0,050787 0,644944
109700 0,0507865 0,644943
109800 0,050786 0,644943
109900 0,0507855 0,644942
110000 0,0507851 0,644941
110100 0,0507848 0,64494
110200 0,0507844 0,644938
110300 0,050784 0,644937
110400 0,0507835 0,644936
110500 0,0507831 0,644933
110600 0,0507827 0,644933
110700 0,0507822 0,644933
110800 0,0507818 0,64493
110900 0,0507814 0,644929
111000 0,050781 0,644928
111100 0,0507806 0,644926
111200 0,0507802 0,644925
111300 0,0507799 0,644925
111400 0,0507795 0,644924
111500 0,0507791 0,644922
111600 0,0507787 0,644924
111700 0,0507782 0,644923
111800 0,0507778 0,644922
111900 0,0507773 0,64492
112000 0,0507769 0,644918
112100 0,0507764 0,644917
112200 0,050776 0,644917
112300 0,0507756 0,644916
112400 0,0507752 0,644916
112500 0,0507748 0,644916
112600 0,0507744 0,644914
112700 0,050774 0,644911
112800 0,0507736 0,644909
112900 0,0507733 0,644908
113000 0,0507729 0,644908
113100 0,0507725 0,644907
113200 0,0507721 0,644905
113300 0,0507717 0,644904
113400 0,0507713 0,644903
113500 0,050771 0,644902
113600 0,0507706 0,644901
113700 0,0507703 0,644902
113800 0,0507699 0,644902
113900 0,0507695 0,644899
114000 0,050769 0,644899
114100 0,0507686 0,644897
114200 0,0507682 0,644896
114300 0,0507678 0,644894
114400 0,0507674 0,644892
114500 0,050767 0,644891
114600 0,0507667 0,644892
114700 0,0507662 0,644892
114800 0,0507658 0,644892
114900 0,0507653 0,64489
115000 0,0507648 0,644887
115100 0,0507644 0,644885
115200 0,050764 0,644884
115300 0,0507636 0,644883
115400 0,0507632 0,644882
115500 0,0507628 0,644882
115600 0,0507624 0,644881
115700 0,050762 0,64488
115800 0,0507616 0,64488
115900 0,0507612 0,644879
116000 0,0507608 0,644878
116100 0,0507604 0,644877
116200 0,05076 0,644876
116300 0,0507596 0,644876
116400 0,0507592 0,644875
116500 0,0507587 0,644875
116600 0,0507583 0,644874
116700 0,0507579 0,644873
116800 0,0507574 0,644871
116900 0,0507571 0,644871
117000 0,0507567 0,64487
117100 0,0507563 0,644869
117200 0,050756 0,644869
117300 0,0507556 0,644869
117400 0,0507553 0,644867
117500 0,0507549 0,644866
117600 0,0507545 0,644863
117700 0,050754 0,644862
117800 0,0507537 0,644861
117900 0,0507533 0,64486
118000 0,0507529 0,644859
118100 0,0507525 0,644859
118200 0,0507521 0,644859
118300 0,0507518 0,644858
118400 0,0507514 0,644858
118500 0,050751 0,644857
118600 0,0507506 0,644855
118700 0,0507502 0,644855
118800 0,0507498 0,644854
118900 0,0507493 0,644853
119000 0,0507489 0,644852
119100 0,0507485 0,644852
119200 0,0507482 0,644849
119300 0,0507478 0,644848
119400 0,0507475 0,64485
119500 0,0507471 0,64485
119600 0,0507467 0,644849
119700 0,0507463 0,644848
119800 0,050746 0,644847
119900 0,0507456 0,644845
120000 0,0507453 0,644844
120100 0,050745 0,644843
120200 0,0507446 0,644842
120300 0,0507443 0,644841
120400 0,0507439 0,64484
120500 0,0507436 0,644839
120600 0,0507432 0,644838
120700 0,0507429 0,644836
120800 0,0507425 0,644835
120900 0,0507422 0,644834
121000 0,0507418 0,644833
121100 0,0507416 0,644833
121200 0,0507413 0,644833
121300 0,0507409 0,644832
121400 0,0507406 0,644832
121500 0,0507402 0,644831
121600 0,0507399 0,64483
121700 0,0507395 0,644828
121800 0,0507392 0,644827
121900 0,0507388 0,644826
122000 0,0507384 0,644826
122100 0,050738 0,644826
122200 0,0507375 0,644825
122300 0,0507371 0,644824
122400 0,0507367 0,644824
122500 0,0507362 0,644824
122600 0,0507358 0,644821
122700 0,0507354 0,644819
122800 0,050735 0,644819
122900 0,0507346 0,64482
123000 0,0507343 0,644819
123100 0,0507339 0,644818
123200 0,0507336 0,644818
123300 0,0507332 0,644818
123400 0,0507328 0,644818
123500 0,0507324 0,644817
123600 0,0507321 0,644817
123700 0,0507317 0,644814
123800 0,0507314 0,644814
123900 0,0507311 0,644813
124000 0,0507308 0,644812
124100 0,0507305 0,64481
124200 0,0507301 0,644808
124300 0,0507298 0,644807
124400 0,0507295 0,644806
124500 0,0507292 0,644805
124600 0,0507289 0,644804
124700 0,0507287 0,644802
124800 0,0507284 0,644801
124900 0,0507281 0,6448
125000 0,0507277 0,644799
125100 0,0507274 0,644802
125200 0,050727 0,644801
125300 0,0507267 0,6448
125400 0,0507264 0,644799
125500 0,0507261 0,644797
125600 0,0507258 0,644796
125700 0,0507255 0,644794
125800 0,0507252 0,644793
125900 0,0507249 0,644792
126000 0,0507245 0,644791
126100 0,0507241 0,644791
126200 0,0507237 0,644791
126300 0,0507233 0,644792
126400 0,050723 0,644791
126500 0,0507226 0,64479
126600 0,0507223 0,644788
126700 0,0507219 0,644787
126800 0,0507216 0,644786
126900 0,0507213 0,644785
127000 0,050721 0,644784
127100 0,0507207 0,644783
127200 0,0507204 0,644783
127300 0,0507201 0,644782
127400 0,0507198 0,644782
127500 0,0507196 0,644781
127600 0,0507193 0,64478
127700 0,050719 0,64478
127800 0,0507187 0,644779
127900 0,0507184 0,644778
128000 0,0507182 0,644778
128100 0,0507179 0,644777
128200 0,0507176 0,644776
128300 0,0507173 0,644775
128400 0,050717 0,644773
128500 0,0507167 0,644771
128600 0,0507164 0,644771
128700 0,0507161 0,64477
128800 0,0507158 0,64477
128900 0,0507155 0,644769
129000 0,0507152 0,644768
129100 0,050715 0,644766
129200 0,0507147 0,644765
129300 0,0507144 0,644765
129400 0,0507142 0,644764
129500 0,0507139 0,644763
129600 0,0507136 0,644762
129700 0,0507133 0,644762
129800 0,0507131 0,644761
129900 0,0507128 0,64476
130000 0,0507125 0,644758
130100 0,0507121 0,644758
130200 0,0507118 0,644757
130300 0,0507115 0,644756
130400 0,0507111 0,644756
130500 0,0507108 0,644756
130600 0,0507104 0,644755
130700 0,05071 0,644754
130800 0,0507096 0,644754
130900 0,0507092 0,644754
131000 0,0507089 0,644752
131100 0,0507085 0,644751
131200 0,0507082 0,644751
131300 0,0507079 0,64475
131400 0,0507076 0,644748
131500 0,0507072 0,644748
131600 0,0507068 0,644747
131700 0,0507065 0,644746
131800 0,0507061 0,644745
131900 0,0507058 0,644744
132000 0,0507054 0,644744
132100 0,0507051 0,644743
132200 0,0507048 0,644743
132300 0,0507044 0,644742
132400 0,0507041 0,644742
132500 0,0507039 0,644741
132600 0,0507036 0,644741
132700 0,0507033 0,644741
132800 0,050703 0,644741
132900 0,0507026 0,64474
133000 0,0507023 0,644738
133100 0,0507019 0,644738
133200 0,0507016 0,644737
133300 0,0507012 0,644736
133400 0,0507009 0,644735
133500 0,0507006 0,644734
133600 0,0507004 0,644733
133700 0,0507001 0,644732
133800 0,0506999 0,644731
133900 0,0506996 0,644731
134000 0,0506993 0,644732
134100 0,0506991 0,644732
134200 0,0506988 0,644731
134300 0,0506985 0,64473
134400 0,0506982 0,64473
134500 0,0506979 0,644729
134600 0,0506976 0,644728
134700 0,0506973 0,644727
134800 0,0506971 0,644726
134900 0,0506968 0,644723
135000 0,0506966 0,644723
135100 0,0506964 0,644723
135200 0,0506961 0,644721
135300 0,0506959 0,644721
135400 0,0506957 0,64472
135500 0,0506955 0,644719
135600 0,0506952 0,64472
135700 0,0506949 0,64472
135800 0,0506946 0,64472
135900 0,0506943 0,64472
136000 0,050694 0,644719
136100 0,0506937 0,644718
136200 0,0506935 0,644716
136300 0,0506932 0,644715
136400 0,0506929 0,644715
136500 0,0506926 0,644714
136600 0,0506923 0,644713
136700 0,050692 0,644712
136800 0,0506918 0,64471
136900 0,0506915 0,644709
137000 0,0506912 0,644709
137100 0,0506909 0,644708
137200 0,0506906 0,644708
137300 0,0506903 0,644707
137400 0,05069 0,644706
137500 0,0506896 0,644706
137600 0,0506893 0,644705
137700 0,050689 0,644706
137800 0,0506887 0,644705
137900 0,0506884 0,644703
138000 0,0506881 0,644703
138100 0,0506877 0,644701
138200 0,0506874 0,644701
138300 0,0506871 0,644701
138400 0,0506868 0,644701
138500 0,0506864 0,644701
138600 0,0506861 0,644701
138700 0,0506858 0,6447
138800 0,0506855 0,644699
138900 0,0506852 0,644698
139000 0,0506849 0,644697
139100 0,0506846 0,644696
139200 0,0506843 0,644696
139300 0,0506841 0,644695
139400 0,0506838 0,644693
139500 0,0506836 0,644692
139600 0,0506833 0,644692
139700 0,050683 0,644692
139800 0,0506827 0,644692
139900 0,0506824 0,644691
140000 0,0506821 0,644691
140100 0,0506819 0,64469
140200 0,0506816 0,644689
140300 0,0506813 0,644688
140400 0,0506811 0,644687
140500 0,0506809 0,644686
140600 0,0506807 0,644685
140700 0,0506805 0,644684
140800 0,0506802 0,644681
140900 0,05068 0,644681
141000 0,0506797 0,64468
141100 0,0506794 0,644679
141200 0,0506791 0,644678
141300 0,0506788 0,644679
141400 0,0506785 0,644678
141500 0,0506781 0,644678
141600 0,0506778 0,644679
141700 0,0506775 0,644678
141800 0,0506771 0,644678
141900 0,0506768 0,644678
142000 0,0506765 0,644678
142100 0,0506762 0,644678
142200 0,0506759 0,644678
142300 0,0506756 0,644678
142400 0,0506753 0,644677
142500 0,0506749 0,644674
142600 0,0506746 0,644672
142700 0,0506743 0,644671
142800 0,050674 0,644671
142900 0,0506737 0,64467
143000 0,0506735 0,64467
143100 0,0506732 0,64467
143200 0,050673 0,644669
143300 0,0506727 0,644668
143400 0,0506724 0,644668
143500 0,0506721 0,644667
143600 0,0506718 0,644667
143700 0,0506715 0,644667
143800 0,0506713 0,644666
143900 0,0506711 0,644665
144000 0,0506708 0,644664
144100 0,0506706 0,644664
144200 0,0506704 0,644663
144300 0,0506702 0,644663
144400 0,0506699 0,644661
144500 0,0506697 0,644661
144600 0,0506695 0,644661
144700 0,0506692 0,644661
144800 0,050669 0,64466
144900 0,0506689 0,644659
145000 0,0506687 0,644659
145100 0,0506686 0,644658
145200 0,0506684 0,644657
145300 0,0506682 0,644656
145400 0,050668 0,644656
145500 0,0506678 0,644656
145600 0,0506676 0,644654
145700 0,0506674 0,644652
145800 0,0506672 0,644651
145900 0,0506669 0,64465
146000 0,0506667 0,64465
146100 0,0506664 0,64465
146200 0,0506662 0,64465
146300 0,0506659 0,644649
146400 0,0506657 0,644649
146500 0,0506654 0,644649
146600 0,0506651 0,644647
146700 0,0506649 0,644645
146800 0,0506646 0,644644
146900 0,0506643 0,644644
147000 0,050664 0,644645
147100 0,0506637 0,644645
147200 0,0506633 0,644644
147300 0,050663 0,644645
147400 0,0506626 0,644645
147500 0,0506623 0,644645
147600 0,0506619 0,644645
147700 0,0506616 0,644645
147800 0,0506612 0,644644
147900 0,0506609 0,644643
148000 0,0506606 0,644642
148100 0,0506603 0,644642
148200 0,0506601 0,644641
148300 0,0506598 0,64464
148400 0,0506595 0,64464
148500 0,0506592 0,644639
148600 0,0506589 0,644639
148700 0,0506586 0,644639
148800 0,0506583 0,644639
148900 0,0506581 0,644639
149000 0,0506578 0,644639
149100 0,0506575 0,644638
149200 0,0506573 0,644638
149300 0,0506571 0,644637
149400 0,0506568 0,644636
149500 0,0506565 0,644636
149600 0,0506563 0,644635
149700 0,050656 0,644634
149800 0,0506558 0,644633
149900 0,0506555 0,644632
150000 0,0506552 0,644631
150100 0,0506549 0,644631
150200 0,0506547 0,64463
150300 0,0506545 0,64463
150400 0,0506542 0,64463
150500 0,050654 0,644629
150600 0,0506537 0,644628
150700 0,0506534 0,644628
150800 0,0506532 0,644627
150900 0,0506529 0,644627
151000 0,0506527 0,644626
151100 0,0506524 0,644625
151200 0,0506522 0,644624
151300 0,0506519 0,644623
151400 0,0506517 0,644623
151500 0,0506516 0,644622
151600 0,0506514 0,644621
151700 0,0506512 0,64462
151800 0,0506511 0,64462
151900 0,050651 0,644619
152000 0,0506508 0,644619
152100 0,0506506 0,644618
152200 0,0506503 0,644617
152300 0,0506501 0,644617
152400 0,0506499 0,644617
152500 0,0506497 0,644616
152600 0,0506495 0,644616
152700 0,0506492 0,644615
152800 0,050649 0,644614
152900 0,0506488 0,644614
153000 0,0506486 0,644614
153100 0,0506485 0,644612
153200 0,0506483 0,644611
153300 0,0506482 0,64461
153400 0,050648 0,644609
153500 0,0506478 0,644608
153600 0,0506476 0,644609
153700 0,0506474 0,644609
153800 0,0506472 0,644609
153900 0,0506469 0,64461
154000 0,0506466 0,644609
154100 0,0506463 0,644608
154200 0,050646 0,644608
154300 0,0506457 0,644607
154400 0,0506454 0,644607
154500 0,0506451 0,644606
154600 0,0506448 0,644605
154700 0,0506445 0,644604
154800 0,0506443 0,644604
154900 0,050644 0,644603
155000 0,0506438 0,644602
155100 0,0506435 0,644601
155200 0,0506433 0,644601
155300 0,0506431 0,6446
155400 0,0506428 0,644599
155500 0,0506426 0,644598
155600 0,0506424 0,644598
155700 0,0506421 0,644597
155800 0,0506418 0,644596
155900 0,0506416 0,644596
156000 0,0506413 0,644596
156100 0,0506411 0,644596
156200 0,0506408 0,644596
156300 0,0506406 0,644595
156400 0,0506404 0,644595
156500 0,0506403 0,644594
156600 0,0506401 0,644593
156700 0,0506399 0,644592
156800 0,0506397 0,644589
156900 0,0506395 0,644589
157000 0,0506393 0,644588
157100 0,0506391 0,644587
157200 0,050639 0,644587
157300 0,0506388 0,644586
157400 0,0506386 0,644586
157500 0,0506384 0,644586
157600 0,0506383 0,644585
157700 0,0506381 0,644584
157800 0,050638 0,644583
157900 0,0506378 0,644582
158000 0,0506376 0,644582
158100 0,0506374 0,644582
158200 0,0506373 0,644582
158300 0,0506372 0,644581
158400 0,050637 0,64458
158500 0,0506368 0,64458
158600 0,0506367 0,64458
158700 0,0506365 0,64458
158800 0,0506363 0,64458
158900 0,0506361 0,644579
159000 0,0506359 0,644578
159100 0,0506357 0,644577
159200 0,0506356 0,644576
159300 0,0506354 0,644576
159400 0,0506352 0,644575
159500 0,050635 0,644575
159600 0,0506348 0,644575
159700 0,0506346 0,644574
159800 0,0506344 0,644573
159900 0,0506342 0,644572
160000 0,050634 0,644571
160100 0,0506338 0,64457
160200 0,0506335 0,644569
160300 0,0506332 0,644569
160400 0,050633 0,644569
160500 0,0506327 0,644568
160600 0,0506323 0,644567
160700 0,050632 0,644569
160800 0,0506317 0,644569
160900 0,0506313 0,644569
161000 0,0506309 0,644569
161100 0,0506306 0,644568
161200 0,0506302 0,644568
161300 0,0506299 0,644567
161400 0,0506296 0,644567
161500 0,0506293 0,644566
161600 0,0506291 0,644565
161700 0,0506289 0,644565
161800 0,0506287 0,644564
161900 0,0506285 0,644563
162000 0,0506283 0,644562
162100 0,0506281 0,644562
162200 0,0506279 0,644561
162300 0,0506277 0,644561
162400 0,0506276 0,64456
162500 0,0506274 0,64456
162600 0,0506272 0,64456
162700 0,050627 0,64456
162800 0,0506268 0,644558
162900 0,0506267 0,644558
163000 0,0506265 0,644557
163100 0,0506263 0,644555
163200 0,0506262 0,644553
163300 0,050626 0,644553
163400 0,0506259 0,644553
163500 0,0506257 0,644553
163600 0,0506255 0,644553
163700 0,0506253 0,644553
163800 0,0506252 0,644553
163900 0,050625 0,644553
164000 0,0506249 0,644552
164100 0,0506247 0,644552
164200 0,0506246 0,644551
164300 0,0506244 0,64455
164400 0,0506242 0,64455
164500 0,050624 0,644549
164600 0,0506237 0,644549
164700 0,0506235 0,644548
164800 0,0506234 0,644547
164900 0,0506232 0,644547
165000 0,050623 0,644546
165100 0,0506228 0,644546
165200 0,0506227 0,644545
165300 0,0506225 0,644544
165400 0,0506223 0,644544
165500 0,0506221 0,644543
165600 0,0506219 0,644541
165700 0,0506217 0,644541
165800 0,0506215 0,644541
165900 0,0506213 0,644539
166000 0,0506211 0,644539
166100 0,0506209 0,644538
166200 0,0506208 0,644537
166300 0,0506206 0,644537
166400 0,0506205 0,644536
166500 0,0506203 0,644535
166600 0,0506201 0,644534
166700 0,05062 0,644534
166800 0,0506198 0,644534
166900 0,0506196 0,644534
167000 0,0506195 0,644534
167100 0,0506192 0,644533
167200 0,050619 0,644533
167300 0,0506188 0,644532
167400 0,0506186 0,644531
167500 0,0506183 0,644531
167600 0,0506181 0,644531
167700 0,0506179 0,644531
167800 0,0506178 0,644531
167900 0,0506176 0,644531
168000 0,0506175 0,644531
168100 0,0506173 0,644531
168200 0,0506171 0,644531
168300 0,0506169 0,64453
168400 0,0506167 0,644529
168500 0,0506164 0,644527
168600 0,0506162 0,644527
168700 0,050616 0,644527
168800 0,0506157 0,644526
168900 0,0506155 0,644526
169000 0,0506153 0,644526
169100 0,0506151 0,644526
169200 0,0506149 0,644525
169300 0,0506146 0,644525
169400 0,0506144 0,644524
169500 0,0506142 0,644524
169600 0,050614 0,644523
169700 0,0506137 0,644523
169800 0,0506135 0,644523
169900 0,0506132 0,644523
170000 0,0506129 0,644522
170100 0,0506127 0,644521
170200 0,0506124 0,644521
170300 0,0506122 0,64452
170400 0,050612 0,644519
170500 0,0506118 0,644518
170600 0,0506116 0,644518
170700 0,0506114 0,644517
170800 0,0506111 0,644517
170900 0,0506109 0,644517
171000 0,0506106 0,644517
171100 0,0506103 0,644517
171200 0,0506101 0,644517
171300 0,0506098 0,644517
171400 0,0506095 0,644517
171500 0,0506093 0,644517
171600 0,0506091 0,644517
171700 0,050609 0,644517
171800 0,0506088 0,644516
171900 0,0506086 0,644515
172000 0,0506085 0,644513
172100 0,0506083 0,644512
172200 0,0506082 0,644512
172300 0,050608 0,644511
172400 0,0506079 0,64451
172500 0,0506077 0,644509
172600 0,0506076 0,644509
172700 0,0506074 0,644508
172800 0,0506073 0,644505
172900 0,0506072 0,644504
173000 0,050607 0,644504
173100 0,0506069 0,644503
173200 0,0506067 0,644502
173300 0,0506066 0,644502
173400 0,0506064 0,644503
173500 0,0506063 0,644503
173600 0,0506061 0,644503
173700 0,050606 0,644503
173800 0,0506058 0,644503
173900 0,0506057 0,644502
174000 0,0506055 0,644501
174100 0,0506053 0,6445
174200 0,0506052 0,6445
174300 0,050605 0,6445
174400 0,0506049 0,6445
174500 0,0506048 0,644499
174600 0,0506047 0,644499
174700 0,0506045 0,644498
174800 0,0506043 0,644497
174900 0,0506041 0,644497
175000 0,0506039 0,644496
175100 0,0506036 0,644494
175200 0,0506034 0,644494
175300 0,0506032 0,644495
175400 0,050603 0,644494
175500 0,0506028 0,644493
175600 0,0506026 0,644493
175700 0,0506024 0,644492
175800 0,0506022 0,644492
175900 0,050602 0,644491
176000 0,0506018 0,644491
176100 0,0506016 0,64449
176200 0,0506014 0,644489
176300 0,0506012 0,644489
176400 0,050601 0,644488
176500 0,0506009 0,644488
176600 0,0506007 0,644487
176700 0,0506006 0,644486
176800 0,0506003 0,644486
176900 0,0506001 0,644485
177000 0,0505999 0,644485
177100 0,0505997 0,644485
177200 0,0505995 0,644485
177300 0,0505993 0,644485
177400 0,0505992 0,644484
177500 0,050599 0,644484
177600 0,0505988 0,644483
177700 0,0505986 0,644482
177800 0,0505984 0,644482
177900 0,0505982 0,644481
178000 0,050598 0,644481
178100 0,0505978 0,64448
178200 0,0505976 0,644478
178300 0,0505975 0,644478
178400 0,0505973 0,644477
178500 0,0505971 0,644477
178600 0,050597 0,644477
178700 0,0505968 0,644477
178800 0,0505967 0,644476
178900 0,0505965 0,644476
179000 0,0505963 0,644475
179100 0,0505961 0,644475
179200 0,0505959 0,644474
179300 0,0505958 0,644473
179400 0,0505956 0,644473
179500 0,0505954 0,644472
179600 0,0505952 0,644471
179700 0,050595 0,644471
179800 0,0505948 0,64447
179900 0,0505946 0,644469
180000 0,0505944 0,644469
180100 0,0505942 0,644469
180200 0,050594 0,644468
180300 0,0505938 0,644468
180400 0,0505936 0,644468
180500 0,0505934 0,644468
180600 0,0505933 0,644468
180700 0,0505931 0,644468
180800 0,050593 0,644468
180900 0,0505928 0,644467
181000 0,0505927 0,644467
181100 0,0505926 0,644466
181200 0,0505924 0,644464
181300 0,0505923 0,644463
181400 0,0505921 0,644463
181500 0,050592 0,644463
181600 0,0505918 0,644463
181700 0,0505917 0,644462
181800 0,0505915 0,644461
181900 0,0505914 0,644461
182000 0,0505913 0,64446
182100 0,0505911 0,644459
182200 0,050591 0,644458
182300 0,0505908 0,644457
182400 0,0505906 0,644456
182500 0,0505905 0,644456
182600 0,0505903 0,644455
182700 0,0505901 0,644455
182800 0,0505899 0,644454
182900 0,0505898 0,644454
183000 0,0505896 0,644453
183100 0,0505895 0,644453
183200 0,0505893 0,644452
183300 0,0505892 0,644451
183400 0,050589 0,644451
183500 0,0505889 0,64445
183600 0,0505887 0,64445
183700 0,0505885 0,644449
183800 0,0505883 0,644449
183900 0,0505881 0,644448
184000 0,0505879 0,644448
184100 0,0505878 0,644447
184200 0,0505878 0,644447
184300 0,0505877 0,644447
184400 0,0505876 0,644447
184500 0,0505875 0,644448
184600 0,0505873 0,644449
184700 0,0505872 0,644448
184800 0,0505871 0,644448
184900 0,050587 0,644447
185000 0,0505869 0,644447
185100 0,0505868 0,644446
185200 0,0505866 0,644446
185300 0,0505865 0,644445
185400 0,0505864 0,644444
185500 0,0505862 0,644443
185600 0,0505861 0,644443
185700 0,050586 0,644442
185800 0,0505858 0,644442
185900 0,0505857 0,644442
186000 0,0505856 0,644441
186100 0,0505854 0,64444
186200 0,0505853 0,64444
186300 0,0505852 0,644439
186400 0,050585 0,644439
186500 0,0505849 0,644438
186600 0,0505848 0,644437
186700 0,0505847 0,644437
186800 0,0505845 0,644436
186900 0,0505844 0,644435
187000 0,0505843 0,644435
187100 0,0505841 0,644434
187200 0,050584 0,644433
187300 0,0505838 0,644433
187400 0,0505837 0,644433
187500 0,0505835 0,644432
187600 0,0505834 0,644431
187700 0,0505832 0,64443
187800 0,050583 0,644429
187900 0,0505829 0,644429
188000 0,0505827 0,644428
188100 0,0505825 0,644428
188200 0,0505823 0,644427
188300 0,0505821 0,644427
188400 0,050582 0,644426
188500 0,0505818 0,644426
188600 0,0505817 0,644425
188700 0,0505815 0,644424
188800 0,0505814 0,644424
188900 0,0505812 0,644423
189000 0,0505811 0,644422
189100 0,0505809 0,644422
189200 0,0505808 0,644421
189300 0,0505806 0,644421
189400 0,0505805 0,644421
189500 0,0505803 0,64442
189600 0,0505802 0,64442
189700 0,05058 0,644419
189800 0,0505799 0,644418
189900 0,0505797 0,644418
190000 0,0505796 0,644418
190100 0,0505794 0,644417
190200 0,0505793 0,644417
190300 0,0505792 0,644416
190400 0,050579 0,644416
190500 0,0505789 0,644415
190600 0,0505788 0,644415
190700 0,0505787 0,644415
190800 0,0505785 0,644414
190900 0,0505784 0,644414
191000 0,0505783 0,644413
191100 0,0505782 0,644413
191200 0,050578 0,644412
191300 0,0505779 0,644411
191400 0,0505777 0,644411
191500 0,0505776 0,64441
191600 0,0505774 0,64441
191700 0,0505772 0,644409
191800 0,050577 0,644409
191900 0,0505768 0,644408
192000 0,0505766 0,644408
192100 0,0505765 0,644407
192200 0,0505763 0,644407
192300 0,0505761 0,644406
192400 0,0505759 0,644406
192500 0,0505758 0,644405
192600 0,0505756 0,644405
192700 0,0505755 0,644404
192800 0,0505753 0,644404
192900 0,0505752 0,644403
193000 0,050575 0,644403
193100 0,0505749 0,644402
193200 0,0505747 0,644402
193300 0,0505745 0,644401
193400 0,0505743 0,644401
193500 0,0505741 0,6444
193600 0,0505739 0,6444
193700 0,0505737 0,644399
193800 0,0505736 0,644399
193900 0,0505735 0,644398
194000 0,0505733 0,6444
194100 0,0505732 0,6444
194200 0,0505731 0,6444
194300 0,050573 0,6444
194400 0,0505729 0,6444
194500 0,0505727 0,644399
194600 0,0505726 0,644399
194700 0,0505725 0,644397
194800 0,0505724 0,644393
194900 0,0505722 0,644393
195000 0,0505721 0,644392
195100 0,050572 0,644392
195200 0,0505718 0,644391
195300 0,0505717 0,644391
195400 0,0505716 0,64439
195500 0,0505715 0,64439
195600 0,0505714 0,644389
195700 0,0505713 0,644389
195800 0,0505712 0,644389
195900 0,0505711 0,644389
196000 0,050571 0,644389
196100 0,0505709 0,644389
196200 0,0505708 0,644388
196300 0,0505708 0,644385
196400 0,0505707 0,644385
196500 0,0505706 0,644384
196600 0,0505705 0,644384
196700 0,0505704 0,644383
196800 0,0505703 0,644383
196900 0,0505702 0,644382
197000 0,0505702 0,644382
197100 0,0505701 0,644381
197200 0,05057 0,64438
197300 0,0505699 0,64438
197400 0,0505698 0,644379
197500 0,0505697 0,644378
197600 0,0505695 0,644377
197700 0,0505694 0,644377
197800 0,0505694 0,644376
197900 0,0505693 0,644375
198000 0,0505692 0,644373
198100 0,0505691 0,644372
198200 0,050569 0,644371
198300 0,0505689 0,644371
198400 0,0505688 0,64437
198500 0,0505687 0,64437
198600 0,0505687 0,644369
198700 0,0505686 0,644368
198800 0,0505685 0,644368
198900 0,0505684 0,644367
199000 0,0505683 0,644366
199100 0,0505682 0,644365
199200 0,0505681 0,644364
199300 0,0505679 0,644364
199400 0,0505678 0,644363
199500 0,0505677 0,644362
199600 0,0505675 0,644362
199700 0,0505674 0,644362
199800 0,0505673 0,644361
199900 0,0505672 0,644361
200000 0,050567 0,644361
200100 0,0505669 0,644361
200200 0,0505668 0,644361
200300 0,0505666 0,644359
200400 0,0505665 0,644358
200500 0,0505663 0,644357
200600 0,0505661 0,644357
200700 0,0505659 0,644356
200800 0,0505657 0,644356
200900 0,0505656 0,644355
201000 0,0505654 0,644354
201100 0,0505652 0,644354
201200 0,050565 0,644353
201300 0,0505649 0,644352
201400 0,0505647 0,644351
201500 0,0505645 0,644351
201600 0,0505644 0,644351
201700 0,0505642 0,644351
201800 0,050564 0,644351
201900 0,0505639 0,64435
202000 0,0505637 0,64435
202100 0,0505636 0,644349
202200 0,0505634 0,644349
202300 0,0505633 0,644348
202400 0,0505631 0,644348
202500 0,050563 0,644347
202600 0,0505629 0,644347
202700 0,0505628 0,644347
202800 0,0505626 0,644346
202900 0,0505625 0,644346
203000 0,0505624 0,644345
203100 0,0505622 0,644345
203200 0,0505621 0,644344
203300 0,0505619 0,644344
203400 0,0505618 0,644343
203500 0,0505616 0,644342
203600 0,0505615 0,644341
203700 0,0505613 0,64434
203800 0,0505611 0,64434
203900 0,050561 0,64434
204000 0,0505609 0,64434
204100 0,0505608 0,64434
204200 0,0505606 0,644338
204300 0,0505605 0,644338
204400 0,0505604 0,644337
204500 0,0505603 0,644336
204600 0,0505602 0,644335
204700 0,0505601 0,644334
204800 0,05056 0,644333
204900 0,0505599 0,644331
205000 0,0505598 0,64433
205100 0,0505597 0,64433
205200 0,0505596 0,644329
205300 0,0505595 0,644329
205400 0,0505594 0,644328
205500 0,0505592 0,644328
205600 0,0505591 0,644327
205700 0,050559 0,644327
205800 0,0505589 0,644327
205900 0,0505588 0,644326
206000 0,0505587 0,644325
206100 0,0505586 0,644324
206200 0,0505585 0,644324
206300 0,0505584 0,644323
206400 0,0505584 0,644323
206500 0,0505583 0,644322
206600 0,0505582 0,644322
206700 0,0505582 0,644321
206800 0,0505581 0,644321
206900 0,050558 0,64432
207000 0,0505579 0,64432
207100 0,0505578 0,644319
207200 0,0505577 0,644319
207300 0,0505577 0,644318
207400 0,0505575 0,644317
207500 0,0505574 0,644314
207600 0,0505573 0,644314
207700 0,0505571 0,644314
207800 0,050557 0,644313
207900 0,0505568 0,644313
208000 0,0505567 0,644311
208100 0,0505565 0,64431
208200 0,0505564 0,644309
208300 0,0505562 0,644308
208400 0,050556 0,644308
208500 0,0505559 0,644307
208600 0,0505558 0,644307
208700 0,0505557 0,644306
208800 0,0505556 0,644306
208900 0,0505555 0,644305
209000 0,0505554 0,644305
209100 0,0505553 0,644303
209200 0,0505552 0,644302
209300 0,0505552 0,644301
209400 0,0505551 0,6443
209500 0,0505549 0,644299
209600 0,0505548 0,644298
209700 0,0505547 0,644297
209800 0,0505545 0,644297
209900 0,0505544 0,644295
210000 0,0505543 0,644294
210100 0,0505541 0,644294
210200 0,050554 0,644294
210300 0,0505539 0,644294
210400 0,0505537 0,644294
210500 0,0505536 0,644294
210600 0,0505535 0,644294
210700 0,0505534 0,644293
210800 0,0505532 0,644292
210900 0,0505531 0,644292
211000 0,050553 0,644291
211100 0,0505529 0,644291
211200 0,0505528 0,644291
211300 0,0505526 0,644291
211400 0,0505525 0,644289
211500 0,0505524 0,644288
211600 0,0505523 0,644288
211700 0,0505522 0,644287
211800 0,0505521 0,644285
211900 0,050552 0,644284
212000 0,0505519 0,644284
212100 0,0505517 0,644283
212200 0,0505516 0,644283
212300 0,0505515 0,64428
212400 0,0505513 0,644279
212500 0,0505512 0,644279
212600 0,0505511 0,644278
212700 0,050551 0,644278
212800 0,0505509 0,644277
212900 0,0505508 0,644277
213000 0,0505507 0,644276
213100 0,0505507 0,644274
213200 0,0505506 0,644271
213300 0,0505505 0,644271
213400 0,0505504 0,644271
213500 0,0505504 0,64427
213600 0,0505503 0,644269
213700 0,0505502 0,644269
213800 0,0505502 0,644269
213900 0,0505501 0,644267
214000 0,05055 0,644266
214100 0,0505499 0,644266
214200 0,0505498 0,644265
214300 0,0505497 0,644263
214400 0,0505496 0,644262
214500 0,0505495 0,644261
214600 0,0505494 0,64426
214700 0,0505493 0,64426
214800 0,0505492 0,64426
214900 0,0505491 0,644259
215000 0,050549 0,644258
215100 0,050549 0,644258
215200 0,0505489 0,644257
215300 0,0505488 0,644257
215400 0,0505487 0,644256
215500 0,0505486 0,644254
215600 0,0505486 0,644253
215700 0,0505485 0,644252
215800 0,0505484 0,644252
215900 0,0505483 0,644252
216000 0,0505482 0,644251
216100 0,0505481 0,644249
216200 0,050548 0,644248
216300 0,0505479 0,644248
216400 0,0505479 0,644248
216500 0,0505478 0,644245
216600 0,0505477 0,644244
216700 0,0505476 0,644244
216800 0,0505476 0,644243
216900 0,0505475 0,644242
217000 0,0505475 0,644242
217100 0,0505475 0,644241
217200 0,0505475 0,644239
217300 0,0505474 0,644236
217400 0,0505474 0,644235
217500 0,0505473 0,644234
217600 0,0505473 0,644233
217700 0,0505473 0,644231
217800 0,0505473 0,644228
217900 0,0505473 0,644227
218000 0,0505472 0,644226
218100 0,0505472 0,644224
218200 0,0505471 0,644224
218300 0,0505471 0,644224
218400 0,0505471 0,644223
218500 0,0505471 0,64422
218600 0,050547 0,644218
218700 0,050547 0,644217
218800 0,0505469 0,644217
218900 0,0505468 0,644216
219000 0,0505467 0,644215
219100 0,0505467 0,644214
219200 0,0505466 0,644214
219300 0,0505465 0,644213
219400 0,0505465 0,644211
219500 0,0505464 0,644209
219600 0,0505463 0,644208
219700 0,0505462 0,644208
219800 0,0505461 0,644207
219900 0,050546 0,644206
220000 0,0505459 0,644204
220100 0,0505458 0,644201
220200 0,0505457 0,644201
220300 0,0505457 0,644201
220400 0,0505456 0,644199
220500 0,0505455 0,644199
220600 0,0505454 0,644198
220700 0,0505453 0,644197
220800 0,0505452 0,644195
220900 0,0505451 0,644192
221000 0,050545 0,644191
221100 0,0505449 0,644189
221200 0,0505448 0,644189
221300 0,0505447 0,644188
221400 0,0505446 0,644188
221500 0,0505446 0,644187
221600 0,0505445 0,644184
221700 0,0505445 0,644183
221800 0,0505445 0,644182
221900 0,0505445 0,644181
222000 0,0505445 0,644179
222100 0,0505446 0,644179
222200 0,0505446 0,644178
222300 0,0505446 0,644177
222400 0,0505446 0,644176
222500 0,0505446 0,644174
222600 0,0505446 0,644173
222700 0,0505446 0,644172
222800 0,0505447 0,64417
222900 0,0505447 0,644167
223000 0,0505447 0,644165
223100 0,0505446 0,644164
223200 0,0505445 0,644161
223300 0,0505444 0,64416
223400 0,0505444 0,644159
223500 0,0505443 0,644158
223600 0,0505443 0,644157
223700 0,0505443 0,644156
223800 0,0505443 0,644153
223900 0,0505442 0,644151
224000 0,0505442 0,64415
224100 0,0505441 0,644149
224200 0,050544 0,644149
224300 0,050544 0,644147
224400 0,0505439 0,644144
224500 0,0505438 0,644144
224600 0,0505437 0,644142
224700 0,0505437 0,64414
224800 0,0505437 0,644137
224900 0,0505437 0,644137
225000 0,0505437 0,644135
225100 0,0505437 0,644132
225200 0,0505436 0,644131
225300 0,0505436 0,644131
225400 0,0505436 0,64413
225500 0,0505436 0,644128
225600 0,0505436 0,644127
225700 0,0505436 0,644124
225800 0,0505436 0,644122
225900 0,0505436 0,644121
226000 0,0505436 0,644118
226100 0,0505437 0,644118
226200 0,0505437 0,644116
226300 0,0505438 0,644114
226400 0,0505439 0,644111
226500 0,050544 0,644109
226600 0,0505441 0,644107
226700 0,0505441 0,644105
226800 0,0505441 0,644102
226900 0,050544 0,644101
227000 0,050544 0,644099
227100 0,050544 0,644097
227200 0,0505439 0,644094
227300 0,0505438 0,644093
227400 0,0505438 0,644091
227500 0,0505437 0,644088
227600 0,0505436 0,644087
227700 0,0505436 0,644085
227800 0,0505435 0,644084
227900 0,0505435 0,64408
228000 0,0505435 0,644079
228100 0,0505435 0,644078
228200 0,0505435 0,644075
228300 0,0505435 0,644072
228400 0,0505436 0,644068
228500 0,0505437 0,644066
228600 0,0505437 0,644065
228700 0,0505438 0,644061
228800 0,0505439 0,644059
228900 0,0505439 0,644057
229000 0,050544 0,644053
229100 0,0505441 0,644052
229200 0,0505441 0,644048
229300 0,0505442 0,644046
229400 0,0505443 0,644045
229500 0,0505444 0,64404
229600 0,0505445 0,644037
229700 0,0505446 0,644034
229800 0,0505446 0,64403
229900 0,0505447 0,644029
230000 0,0505448 0,644025
230100 0,0505449 0,644023
230200 0,0505449 0,644022
230300 0,050545 0,644018
230400 0,050545 0,644015
230500 0,0505451 0,644011
230600 0,0505452 0,64401
230700 0,0505453 0,644006
230800 0,0505453 0,644003
230900 0,0505454 0,644001
231000 0,0505454 0,643999
231100 0,0505454 0,643997
231200 0,0505454 0,643996
231300 0,0505454 0,643992
231400 0,0505455 0,643988
231500 0,0505456 0,643985
231600 0,0505457 0,643981
231700 0,0505459 0,643978
231800 0,050546 0,643975
231900 0,0505461 0,643973
232000 0,0505463 0,643969
232100 0,0505464 0,643964
232200 0,0505465 0,64396
232300 0,0505467 0,643958
232400 0,0505469 0,643954
232500 0,050547 0,643951
232600 0,0505471 0,643948
232700 0,0505473 0,643943
232800 0,0505474 0,643939
232900 0,0505474 0,643936
233000 0,0505475 0,643931
233100 0,0505475 0,64393
233200 0,0505476 0,643927
233300 0,0505477 0,643923
233400 0,0505478 0,643917
233500 0,0505479 0,643914
233600 0,050548 0,64391
233700 0,0505481 0,643906
233800 0,0505482 0,643903
233900 0,0505484 0,643896
234000 0,0505486 0,643892
234100 0,0505488 0,643891
234200 0,0505489 0,643887
234300 0,050549 0,643883
234400 0,0505491 0,643877
234500 0,0505492 0,643871
234600 0,0505493 0,643867
234700 0,0505494 0,643863
234800 0,0505495 0,643859
234900 0,0505497 0,643854
235000 0,0505498 0,64385
235100 0,0505499 0,643844
235200 0,0505501 0,643839
235300 0,0505503 0,643833
235400 0,0505505 0,643828
235500 0,0505507 0,643823
235600 0,0505509 0,643817
235700 0,0505512 0,643812
235800 0,0505514 0,643808
235900 0,0505517 0,643802
236000 0,0505519 0,643797
236100 0,0505522 0,643791
236200 0,0505524 0,643783
236300 0,0505527 0,643778
236400 0,050553 0,643773
236500 0,0505532 0,643766
236600 0,0505534 0,643759
236700 0,0505536 0,643753
236800 0,0505539 0,643748
236900 0,0505541 0,643739
237000 0,0505543 0,643733
237100 0,0505545 0,643727
237200 0,0505548 0,64372
237300 0,0505551 0,643713
237400 0,0505554 0,643706
237500 0,0505556 0,643698
237600 0,0505558 0,643692
237700 0,050556 0,643684
237800 0,0505563 0,643678
237900 0,0505565 0,643669
238000 0,0505568 0,643661
238100 0,0505573 0,643654
238200 0,0505576 0,643645
238300 0,0505579 0,643636
238400 0,0505581 0,643627
238500 0,0505584 0,64362
238600 0,0505587 0,643611
238700 0,0505591 0,643601
238800 0,0505595 0,643592
238900 0,0505599 0,643584
239000 0,0505603 0,643576
239100 0,0505607 0,643564
239200 0,0505612 0,643554
239300 0,0505617 0,643542
239400 0,0505621 0,643532
239500 0,0505626 0,64352
239600 0,0505631 0,643509
239700 0,0505637 0,643497
239800 0,0505642 0,643485
239900 0,0505646 0,643475
240000 0,0505651 0,643464
240100 0,0505656 0,643452
240200 0,050566 0,643441
240300 0,0505665 0,643427
240400 0,0505671 0,643414
240500 0,0505676 0,643399
240600 0,0505682 0,643384
240700 0,050569 0,64337
240800 0,0505695 0,643356
240900 0,0505701 0,643342
241000 0,0505707 0,643328
241100 0,0505713 0,643313
241200 0,0505719 0,643297
241300 0,0505725 0,643281
241400 0,0505732 0,643264
241500 0,050574 0,643247
241600 0,0505747 0,64323
241700 0,0505754 0,643212
241800 0,0505762 0,643194
241900 0,0505768 0,643176
242000 0,0505775 0,643157
242100 0,0505784 0,643137
242200 0,0505792 0,643116
242300 0,0505801 0,643095
242400 0,050581 0,643073
242500 0,0505819 0,643051
242600 0,0505829 0,643028
242700 0,0505839 0,643006
242800 0,0505849 0,642982
242900 0,050586 0,642956
243000 0,0505869 0,642931
243100 0,050588 0,642904
243200 0,050589 0,642877
243300 0,0505901 0,642848
243400 0,0505912 0,642819
243500 0,0505924 0,64279
243600 0,0505935 0,64276
243700 0,0505946 0,642728
243800 0,0505959 0,642695
243900 0,050597 0,642662
244000 0,0505982 0,642626
244100 0,0505996 0,642589
244200 0,0506009 0,642553
244300 0,0506023 0,642515
244400 0,0506036 0,642475
244500 0,0506051 0,642434
244600 0,0506063 0,642391
244700 0,0506076 0,642347
244800 0,050609 0,642301
244900 0,0506105 0,642254
245000 0,0506122 0,642204
245100 0,0506139 0,642153
245200 0,0506155 0,642099
245300 0,0506173 0,642043
245400 0,0506192 0,641984
245500 0,0506211 0,641923
245600 0,0506231 0,641859
245700 0,050625 0,641793
245800 0,0506267 0,641724
245900 0,0506286 0,641652
246000 0,0506307 0,641577
246100 0,0506331 0,641497
246200 0,0506355 0,641413
246300 0,0506382 0,641327
246400 0,0506408 0,641235
246500 0,0506433 0,641138
246600 0,0506459 0,641036
246700 0,0506487 0,640928
246800 0,0506517 0,640814
246900 0,0506549 0,640693
247000 0,0506583 0,640565
247100 0,050662 0,640428
247200 0,0506658 0,640282
247300 0,0506699 0,640125
247400 0,0506741 0,639959
247500 0,0506784 0,639782
247600 0,0506828 0,639593
247700 0,0506875 0,639391
247800 0,0506924 0,639172
247900 0,050698 0,638934
248000 0,050704 0,638678
248100 0,0507104 0,638399
248200 0,0507173 0,638094
248300 0,0507246 0,63776
248400 0,0507325 0,637393
248500 0,0507413 0,63699
248600 0,0507509 0,636542
248700 0,0507616 0,636042
248800 0,050773 0,635481
248900 0,0507864 0,634848
249000 0,0508013 0,634126
249100 0,0508182 0,633297
249200 0,050838 0,632335
249300 0,0508611 0,631208
249400 0,050889 0,629865
249500 0,0509229 0,628243
249600 0,0509656 0,626244
249700 0,0510205 0,623723
249800 0,0510942 0,620452
249900 0,0511955 0,61606
250000 0,0513351 0,609935
250100 0,0515091 0,601083
250200 0,051648 0,588084
250300 0,0515651 0,56968
250400 0,051082 0,547412
250500 0,0503754 0,52756
250600 0,0497565 0,513081
250700 0,0492504 0,500831
250800 0,0487155 0,486678
250900 0,0478958 0,466416
251000 0,0463223 0,434028
251100 0,0429128 0,379615
251200 0,0360832 0,302373
251300 0,0288035 0,241673
251400 0,0243337 0,206853
251500 0,0216174 0,183417
251600 0,0197878 0,1662
251700 0,0184531 0,153043
251800 0,017423 0,142661
251900 0,0165951 0,134234
252000 0,0159089 0,127227
252100 0,0153261 0,121285
252200 0,0148211 0,116165
252300 0,0143768 0,111688
252400 0,013981 0,107726
252500 0,0136243 0,104185
252600 0,0132998 0,100995
252700 0,0130024 0,0980989
252800 0,012728 0,0954524
252900 0,0124729 0,0930229
253000 0,0122351 0,090779
253100 0,0120123 0,0886952
253200 0,0118027 0,0867532
253300 0,0116046 0,0849359
253400 0,0114174 0,0832308
253500 0,0112395 0,0816264
253600 0,0110702 0,0801123
253700 0,0109086 0,0786791
253800 0,0107541 0,0773182
253900 0,0106061 0,0760277
254000 0,010464 0,0747968
254100 0,0103271 0,0736225
254200 0,0101957 0,0724997
254300 0,0100691 0,071425
254400 0,00994707 0,070395
254500 0,00982902 0,0694067
254600 0,00971471 0,0684558
254700 0,00960408 0,0675405
254800 0,00949688 0,066658
254900 0,00939288 0,0658082
255000 0,00929196 0,0649866
255100 0,009194 0,0641925
255200 0,00909873 0,0634253
255300 0,00900618 0,0626829
255400 0,00891618 0,0619631
255500 0,00882844 0,0612657
255600 0,00874279 0,0605929
255700 0,00865948 0,0599396
255800 0,0085782 0,0593033
255900 0,00849908 0,0586834
256000 0,00842188 0,0580805
256100 0,00834626 0,0574938
256200 0,00827247 0,0569227
256300 0,00820048 0,0563657
256400 0,00812999 0,0558238
256500 0,00806093 0,0552951
256600 0,00799346 0,0547794
256700 0,00792724 0,0542755
256800 0,00786247 0,0537829
256900 0,00779919 0,0533014
257000 0,00773719 0,0528326
257100 0,00767634 0,0523744
257200 0,00761675 0,0519262
257300 0,00755828 0,0514871
257400 0,00750069 0,0510579
257500 0,00744419 0,0506372
257600 0,00738873 0,0502254
