100 0,255772 0,26698
200 0,255371 0,27099
300 0,255037 0,272487
400 0,254753 0,273857
500 0,254506 0,275597
600 0,254276 0,277425
700 0,254035 0,279701
800 0,25373 0,28627
900 0,253253 0,297128
1000 0,25234 0,313962
1100 0,250282 0,341128
1200 0,245249 0,382892
1300 0,234418 0,42757
1400 0,218155 0,437141
1500 0,199885 0,407443
1600 0,17908 0,37589
1700 0,159299 0,42114
1800 0,144384 0,481765
1900 0,132954 0,516182
2000 0,123884 0,54042
2100 0,116551 0,559333
2200 0,110553 0,574326
2300 0,105601 0,586248
2400 0,101471 0,595707
2500 0,0979915 0,603136
2600 0,095029 0,608867
2700 0,0924811 0,61317
2800 0,0902682 0,616268
2900 0,0883282 0,618345
3000 0,0866113 0,619544
3100 0,0850773 0,619966
3200 0,0836924 0,619663
3300 0,0824255 0,618627
3400 0,0812452 0,616756
3500 0,0801115 0,613778
3600 0,0789602 0,609057
3700 0,0776794 0,601062
3800 0,0761519 0,586521
3900 0,0743849 0,562679
4000 0,0723365 0,531501
4100 0,0699236 0,494933
4200 0,0671817 0,454356
4300 0,064232 0,412577
4400 0,0612626 0,372805
4500 0,0584767 0,337617
4600 0,0560108 0,320117
4700 0,0539056 0,335658
4800 0,0521364 0,346572
4900 0,0506522 0,353616
5000 0,0494002 0,357654
5100 0,0483349 0,359484
5200 0,0474204 0,359777
5300 0,0466282 0,35905
5400 0,0459364 0,357684
5500 0,0453276 0,355948
5600 0,0447881 0,354021
5700 0,0443065 0,352015
5800 0,0438741 0,350006
5900 0,0434833 0,348033
6000 0,0431283 0,346118
6100 0,0428038 0,344273
6200 0,0425057 0,342499
6300 0,0422306 0,340798
6400 0,0419755 0,339165
6500 0,041738 0,337594
6600 0,0415159 0,336077
6700 0,0413072 0,334611
6800 0,0411106 0,333189
6900 0,0409245 0,331805
7000 0,0407479 0,330454
7100 0,0405792 0,329127
7200 0,040418 0,32782
7300 0,040263 0,326524
7400 0,0401133 0,325229
7500 0,0399682 0,323932
7600 0,0398272 0,322625
7700 0,0396894 0,321296
7800 0,039554 0,319934
7900 0,0394204 0,318528
8000 0,0392878 0,317062
8100 0,0391554 0,315517
8200 0,0390222 0,313873
8300 0,0388876 0,312101
8400 0,0387504 0,310168
8500 0,0386092 0,308031
8600 0,0384624 0,305634
8700 0,038308 0,302909
8800 0,0381437 0,299767
8900 0,0379658 0,296093
9000 0,0377702 0,291742
9100 0,0375513 0,286535
9200 0,0373014 0,280257
9300 0,0370108 0,272662
9400 0,0366651 0,263496
9500 0,036244 0,252516
9600 0,0357173 0,239508
9700 0,0350421 0,235199
9800 0,0341642 0,231966
9900 0,0330238 0,226191
10000 0,0315702 0,217171
10100 0,0297774 0,204372
10200 0,0276638 0,187767
10300 0,0253163 0,168192
10400 0,0229002 0,147347
10500 0,0206251 0,127247
10600 0,018662 0,109405
10700 0,0170748 0,0944727
10800 0,0158234 0,0824107
10900 0,0148227 0,0728131
11000 0,0139945 0,0651743
11100 0,0132851 0,0590431
11200 0,0126628 0,0540683
11300 0,0121094 0,0499897
