100 0,255154 0,3013
200 0,254774 0,285018
300 0,254551 0,275564
400 0,254394 0,276023
500 0,254269 0,276065
600 0,25416 0,275808
700 0,254061 0,275334
800 0,253966 0,274704
900 0,253876 0,273961
1000 0,253789 0,273143
1100 0,253705 0,272279
1200 0,253625 0,271396
1300 0,25355 0,270517
1400 0,253479 0,269662
1500 0,253413 0,268846
1600 0,253353 0,268093
1700 0,253297 0,267608
1800 0,253245 0,267147
1900 0,253198 0,266716
2000 0,253155 0,266315
2100 0,253115 0,265945
2200 0,253079 0,265605
2300 0,253046 0,265293
2400 0,253016 0,265008
2500 0,252988 0,264748
2600 0,252962 0,26451
2700 0,252938 0,264293
2800 0,252916 0,264095
2900 0,252895 0,263913
3000 0,252876 0,263747
3100 0,252858 0,263594
3200 0,252842 0,263454
3300 0,252826 0,263325
3400 0,252812 0,263206
3500 0,252798 0,263096
3600 0,252785 0,262994
3700 0,252773 0,2629
3800 0,252762 0,262812
3900 0,252751 0,26273
4000 0,252741 0,262654
4100 0,252731 0,262583
4200 0,252722 0,262515
4300 0,252714 0,262452
4400 0,252705 0,262393
4500 0,252697 0,262337
4600 0,25269 0,262284
4700 0,252683 0,262233
4800 0,252676 0,262185
4900 0,25267 0,262139
5000 0,252664 0,262095
5100 0,252658 0,262053
5200 0,252652 0,262013
5300 0,252647 0,261974
5400 0,252642 0,261937
5500 0,252637 0,2619
5600 0,252632 0,261865
5700 0,252627 0,261831
5800 0,252623 0,261798
5900 0,252619 0,261766
6000 0,252615 0,261734
6100 0,252611 0,261703
6200 0,252607 0,261673
6300 0,252604 0,261644
6400 0,2526 0,261615
6500 0,252597 0,261586
6600 0,252593 0,261558
6700 0,25259 0,261531
6800 0,252587 0,261504
6900 0,252584 0,261477
7000 0,252582 0,261451
7100 0,252579 0,261425
7200 0,252576 0,261399
7300 0,252574 0,261374
7400 0,252571 0,261348
7500 0,252569 0,261323
7600 0,252566 0,261299
7700 0,252564 0,261274
7800 0,252562 0,26125
7900 0,25256 0,261226
8000 0,252558 0,261202
8100 0,252556 0,261179
8200 0,252554 0,261155
8300 0,252552 0,261132
8400 0,25255 0,261109
8500 0,252548 0,261086
8600 0,252546 0,261063
8700 0,252545 0,261041
8800 0,252543 0,261018
8900 0,252541 0,260996
9000 0,25254 0,260974
9100 0,252538 0,260952
9200 0,252537 0,26093
9300 0,252535 0,260908
9400 0,252534 0,260886
9500 0,252532 0,260865
9600 0,252531 0,260844
9700 0,25253 0,260822
9800 0,252528 0,260801
9900 0,252527 0,26078
10000 0,252526 0,260759
10100 0,252524 0,260738
10200 0,252523 0,260718
10300 0,252522 0,260697
10400 0,252521 0,260677
10500 0,25252 0,260657
10600 0,252519 0,260636
10700 0,252517 0,260616
10800 0,252516 0,260596
10900 0,252515 0,260576
11000 0,252514 0,260557
11100 0,252513 0,260537
11200 0,252512 0,260517
11300 0,252511 0,260498
11400 0,25251 0,260478
11500 0,252509 0,260459
11600 0,252508 0,26044
11700 0,252507 0,260421
11800 0,252506 0,260402
11900 0,252505 0,260383
12000 0,252504 0,260364
12100 0,252503 0,260345
12200 0,252503 0,260327
12300 0,252502 0,260308
12400 0,252501 0,26029
12500 0,2525 0,260271
12600 0,252499 0,260253
12700 0,252498 0,260235
12800 0,252497 0,260217
12900 0,252497 0,260198
13000 0,252496 0,26018
13100 0,252495 0,260163
13200 0,252494 0,260145
13300 0,252493 0,260127
13400 0,252492 0,260109
13500 0,252492 0,260092
13600 0,252491 0,260074
13700 0,25249 0,260057
13800 0,252489 0,260039
13900 0,252489 0,260022
14000 0,252488 0,260005
14100 0,252487 0,259988
14200 0,252486 0,259971
14300 0,252486 0,259954
14400 0,252485 0,259937
14500 0,252484 0,25992
14600 0,252483 0,259903
14700 0,252483 0,259886
14800 0,252482 0,259869
14900 0,252481 0,259853
15000 0,25248 0,259836
15100 0,25248 0,25982
15200 0,252479 0,259803
15300 0,252478 0,259787
15400 0,252478 0,259771
15500 0,252477 0,259755
15600 0,252476 0,259738
15700 0,252476 0,259722
15800 0,252475 0,259706
15900 0,252474 0,25969
16000 0,252473 0,259674
16100 0,252473 0,259658
16200 0,252472 0,259643
16300 0,252471 0,259627
16400 0,252471 0,259611
16500 0,25247 0,259595
16600 0,252469 0,25958
16700 0,252469 0,259564
16800 0,252468 0,259549
16900 0,252468 0,259533
17000 0,252467 0,259518
17100 0,252466 0,259503
17200 0,252466 0,259487
17300 0,252465 0,259472
17400 0,252464 0,259457
17500 0,252464 0,259442
17600 0,252463 0,259427
17700 0,252462 0,259412
17800 0,252462 0,259397
17900 0,252461 0,259382
18000 0,252461 0,259367
18100 0,25246 0,259352
18200 0,252459 0,259337
18300 0,252459 0,259323
18400 0,252458 0,259308
18500 0,252458 0,259294
18600 0,252457 0,259279
18700 0,252456 0,259265
18800 0,252456 0,25925
18900 0,252455 0,259236
19000 0,252455 0,259221
19100 0,252454 0,259207
19200 0,252453 0,259193
19300 0,252453 0,259179
19400 0,252452 0,259164
19500 0,252452 0,25915
19600 0,252451 0,259137
19700 0,25245 0,259126
19800 0,25245 0,259115
19900 0,252449 0,259104
20000 0,252449 0,259093
20100 0,252448 0,259081
20200 0,252448 0,25907
20300 0,252447 0,259059
20400 0,252446 0,259048
20500 0,252446 0,259037
20600 0,252445 0,259054
20700 0,252445 0,259079
20800 0,252444 0,259106
20900 0,252443 0,259132
21000 0,252443 0,259159
21100 0,252442 0,259187
21200 0,252442 0,259214
21300 0,252441 0,259243
21400 0,252441 0,259272
21500 0,25244 0,259301
21600 0,252439 0,259331
21700 0,252439 0,259361
21800 0,252438 0,259392
21900 0,252437 0,259424
22000 0,252437 0,259456
22100 0,252436 0,259489
22200 0,252436 0,259523
22300 0,252435 0,259557
22400 0,252434 0,259592
22500 0,252433 0,259628
22600 0,252433 0,259664
22700 0,252432 0,259701
22800 0,252431 0,259739
22900 0,252431 0,259778
23000 0,25243 0,259818
23100 0,252429 0,259859
23200 0,252428 0,2599
23300 0,252428 0,259943
23400 0,252427 0,259986
23500 0,252426 0,260031
23600 0,252425 0,260077
23700 0,252424 0,260124
23800 0,252423 0,260172
23900 0,252422 0,260221
24000 0,252421 0,260272
24100 0,25242 0,260324
24200 0,252419 0,260377
24300 0,252418 0,260432
24400 0,252417 0,260488
24500 0,252416 0,260546
24600 0,252414 0,260605
24700 0,252413 0,260666
24800 0,252411 0,260728
24900 0,25241 0,260793
25000 0,252408 0,260859
25100 0,252407 0,260927
25200 0,252405 0,260998
25300 0,252403 0,26107
25400 0,252401 0,261144
25500 0,252399 0,261221
25600 0,252397 0,2613
25700 0,252394 0,261381
25800 0,252392 0,261465
25900 0,252389 0,261552
26000 0,252386 0,261641
26100 0,252382 0,261733
26200 0,252379 0,261828
26300 0,252375 0,261926
26400 0,252371 0,262027
26500 0,252367 0,262132
26600 0,252362 0,262239
26700 0,252356 0,26235
26800 0,252351 0,262465
26900 0,252344 0,262583
27000 0,252337 0,262706
27100 0,25233 0,262832
27200 0,252321 0,262962
27300 0,252312 0,263096
27400 0,252302 0,263235
27500 0,252291 0,263378
27600 0,252278 0,263525
27700 0,252264 0,263676
27800 0,252248 0,263833
27900 0,252231 0,263994
28000 0,252211 0,264159
28100 0,252189 0,264329
28200 0,252165 0,264504
28300 0,252137 0,264683
28400 0,252105 0,264867
28500 0,252069 0,265054
28600 0,252028 0,265246
28700 0,251981 0,265441
28800 0,251927 0,26564
28900 0,251865 0,26584
29000 0,251794 0,266042
29100 0,251712 0,266244
29200 0,251616 0,266444
29300 0,251504 0,266639
29400 0,251373 0,266827
29500 0,25122 0,267002
29600 0,251039 0,267158
29700 0,250826 0,267286
29800 0,250574 0,267662
29900 0,250276 0,26927
30000 0,249924 0,271072
30100 0,24951 0,273081
30200 0,249023 0,275307
30300 0,248456 0,277748
30400 0,247799 0,280389
30500 0,247044 0,283197
30600 0,246183 0,286116
30700 0,245205 0,289065
30800 0,244098 0,291927
30900 0,24284 0,294532
31000 0,2414 0,296635
31100 0,239723 0,297852
31200 0,237714 0,297558
31300 0,23521 0,298252
31400 0,231938 0,313907
31500 0,22763 0,339278
31600 0,22257 0,377176
31700 0,216933 0,423306
31800 0,210641 0,464816
31900 0,20417 0,492597
32000 0,197935 0,503198
32100 0,192211 0,500284
32200 0,187256 0,490748
32300 0,183187 0,480037
32400 0,179932 0,470579
32500 0,177338 0,462832
32600 0,175253 0,45657
32700 0,173557 0,451465
32800 0,172158 0,447247
32900 0,170988 0,443702
33000 0,169996 0,440677
33100 0,169146 0,438057
33200 0,168408 0,435755
33300 0,16776 0,433703
33400 0,167184 0,431846
33500 0,166668 0,430139
33600 0,166198 0,428544
33700 0,165766 0,427024
33800 0,165363 0,425546
33900 0,16498 0,424078
34000 0,164611 0,422576
34100 0,164246 0,420993
34200 0,163875 0,419266
34300 0,163487 0,417309
34400 0,163064 0,415286
34500 0,162582 0,413173
34600 0,162004 0,410601
34700 0,161275 0,408382
34800 0,160316 0,406529
34900 0,159008 0,404093
35000 0,157165 0,399661
35100 0,15443 0,389543
35200 0,150081 0,366479
35300 0,143143 0,321734
35400 0,133405 0,334652
35500 0,121506 0,425312
35600 0,108806 0,5141
35700 0,0972809 0,586623
35800 0,0882111 0,636233
35900 0,081616 0,665565
36000 0,0769001 0,680817
36100 0,0734629 0,687518
36200 0,0708756 0,689482
36300 0,0688622 0,689036
36400 0,0672491 0,687477
36500 0,0659251 0,685482
36600 0,0648172 0,683383
36700 0,0638753 0,681335
36800 0,0630637 0,679404
36900 0,0623563 0,677614
37000 0,0617336 0,675968
37100 0,0611807 0,67446
37200 0,0606859 0,67308
37300 0,0602397 0,671817
37400 0,059835 0,67066
37500 0,0594658 0,6696
37600 0,0591276 0,668623
37700 0,058816 0,667725
37800 0,058528 0,666894
37900 0,0582609 0,666126
38000 0,0580124 0,665411
38100 0,0577803 0,664748
38200 0,0575633 0,664129
38300 0,0573598 0,663549
38400 0,0571687 0,663006
38500 0,0569888 0,662495
38600 0,056819 0,662012
38700 0,0566589 0,661557
38800 0,0565068 0,661131
38900 0,0563628 0,660725
39000 0,0562266 0,660337
39100 0,0560964 0,659972
39200 0,055973 0,659623
39300 0,0558548 0,659295
39400 0,0557425 0,658979
39500 0,055635 0,658677
39600 0,0555321 0,658391
39700 0,0554341 0,658113
39800 0,0553395 0,657849
39900 0,0552488 0,6576
40000 0,0551622 0,657358
40100 0,055079 0,657125
40200 0,0549982 0,656905
40300 0,0549209 0,656692
40400 0,0548468 0,656482
40500 0,0547753 0,65628
40600 0,0547061 0,656089
40700 0,0546386 0,655907
40800 0,0545739 0,655731
40900 0,0545114 0,655559
41000 0,0544512 0,655392
41100 0,0543929 0,65523
41200 0,0543362 0,655077
41300 0,0542814 0,654927
41400 0,0542273 0,654787
41500 0,0541757 0,654648
41600 0,0541258 0,654509
41700 0,0540774 0,654375
41800 0,0540303 0,654244
41900 0,0539847 0,654117
42000 0,0539403 0,653994
42100 0,0538968 0,653878
42200 0,0538547 0,653764
42300 0,0538138 0,653651
42400 0,053773 0,653547
42500 0,0537337 0,653445
42600 0,0536957 0,653343
42700 0,0536587 0,653242
42800 0,0536224 0,653146
42900 0,0535873 0,653051
43000 0,0535529 0,652959
43100 0,0535194 0,65287
43200 0,0534868 0,652781
43300 0,0534549 0,652695
43400 0,0534238 0,652611
43500 0,0533935 0,652529
43600 0,0533636 0,65245
43700 0,0533343 0,652373
43800 0,0533058 0,652297
43900 0,0532781 0,652221
44000 0,0532509 0,652147
44100 0,0532245 0,652074
44200 0,0531983 0,652004
44300 0,053172 0,651938
44400 0,0531464 0,651874
44500 0,0531215 0,65181
44600 0,0530972 0,651746
44700 0,0530734 0,651684
44800 0,0530503 0,651622
44900 0,0530274 0,651561
45000 0,0530049 0,651502
45100 0,052983 0,651444
45200 0,0529614 0,651388
45300 0,0529402 0,651333
45400 0,0529194 0,651279
45500 0,0528994 0,651225
45600 0,0528794 0,651172
45700 0,0528597 0,651121
45800 0,0528403 0,651072
45900 0,0528213 0,651023
46000 0,0528027 0,650975
46100 0,0527843 0,650927
46200 0,0527661 0,650882
46300 0,0527486 0,650835
46400 0,0527313 0,650789
46500 0,0527141 0,650745
46600 0,0526973 0,650702
46700 0,0526806 0,650659
46800 0,0526645 0,650617
46900 0,0526485 0,650576
47000 0,0526328 0,650535
47100 0,0526171 0,650496
47200 0,052602 0,650456
47300 0,052587 0,650418
47400 0,0525722 0,65038
47500 0,0525576 0,650342
47600 0,0525432 0,650306
47700 0,052529 0,65027
47800 0,0525149 0,650234
47900 0,052501 0,6502
48000 0,0524873 0,650167
48100 0,0524739 0,650134
48200 0,0524608 0,6501
48300 0,0524478 0,650068
48400 0,0524352 0,650035
48500 0,0524225 0,650003
48600 0,0524099 0,649972
48700 0,0523979 0,649941
48800 0,052386 0,649909
48900 0,0523742 0,649877
49000 0,0523626 0,649846
49100 0,052351 0,649816
49200 0,0523396 0,649786
49300 0,0523285 0,649756
49400 0,0523174 0,649726
49500 0,0523063 0,649698
49600 0,0522952 0,649671
49700 0,0522843 0,649645
49800 0,052274 0,649617
49900 0,0522639 0,649589
50000 0,0522537 0,649561
50100 0,0522434 0,649536
50200 0,0522332 0,649511
50300 0,0522233 0,649485
50400 0,0522131 0,649461
50500 0,0522024 0,64944
50600 0,0521923 0,649419
50700 0,0521827 0,649396
50800 0,0521733 0,649372
50900 0,0521637 0,64935
51000 0,0521543 0,649327
51100 0,0521454 0,649303
51200 0,0521367 0,649278
51300 0,0521279 0,649255
51400 0,0521188 0,649233
51500 0,05211 0,649212
51600 0,0521013 0,64919
51700 0,0520926 0,64917
51800 0,052084 0,649149
51900 0,0520755 0,649129
52000 0,0520673 0,649109
52100 0,0520594 0,649086
52200 0,0520515 0,649066
52300 0,0520434 0,649046
52400 0,0520352 0,649028
52500 0,0520273 0,649008
52600 0,0520195 0,648989
52700 0,0520118 0,648971
52800 0,0520041 0,648952
52900 0,0519966 0,648934
53000 0,0519892 0,648916
53100 0,0519818 0,648897
53200 0,0519745 0,648879
53300 0,0519674 0,648862
53400 0,0519602 0,648844
53500 0,051953 0,648827
53600 0,0519459 0,64881
53700 0,0519391 0,648792
53800 0,0519323 0,648776
53900 0,0519253 0,648759
54000 0,0519186 0,648743
54100 0,0519121 0,648726
54200 0,0519056 0,648709
54300 0,0518989 0,648693
54400 0,0518924 0,648678
54500 0,0518857 0,648663
54600 0,051879 0,648649
54700 0,0518728 0,648634
54800 0,0518667 0,648619
54900 0,0518607 0,648602
55000 0,0518548 0,648586
55100 0,0518487 0,648571
55200 0,0518429 0,648556
55300 0,0518369 0,648541
55400 0,0518311 0,648526
55500 0,0518253 0,648511
55600 0,0518197 0,648497
55700 0,0518137 0,648482
55800 0,0518081 0,648469
55900 0,0518021 0,648456
56000 0,0517965 0,648442
56100 0,0517907 0,64843
56200 0,0517853 0,648415
56300 0,0517799 0,648402
56400 0,0517745 0,648389
56500 0,0517691 0,648377
56600 0,0517637 0,648364
56700 0,0517584 0,648352
56800 0,0517531 0,648339
56900 0,051748 0,648326
57000 0,0517428 0,648314
57100 0,0517378 0,6483
57200 0,0517326 0,648288
57300 0,0517277 0,648275
57400 0,0517226 0,648265
57500 0,0517177 0,648252
57600 0,0517126 0,64824
57700 0,0517079 0,64823
57800 0,0517031 0,648217
57900 0,0516985 0,648205
58000 0,0516938 0,648193
58100 0,0516892 0,64818
58200 0,0516845 0,648169
58300 0,0516799 0,648157
58400 0,0516752 0,648147
58500 0,0516704 0,648137
58600 0,0516657 0,648127
58700 0,0516611 0,648117
58800 0,0516568 0,648106
58900 0,0516523 0,648095
59000 0,051648 0,648084
59100 0,0516436 0,648073
59200 0,0516395 0,648062
59300 0,0516352 0,648051
59400 0,051631 0,64804
59500 0,0516269 0,648029
59600 0,0516226 0,648018
59700 0,0516186 0,648008
59800 0,0516146 0,647997
59900 0,0516106 0,647987
60000 0,0516066 0,647977
60100 0,0516023 0,647967
60200 0,0515984 0,647957
60300 0,0515943 0,647947
60400 0,0515902 0,647938
60500 0,0515861 0,647928
60600 0,051582 0,647921
60700 0,0515782 0,647911
60800 0,0515741 0,647902
60900 0,0515704 0,647892
61000 0,0515668 0,647882
61100 0,0515629 0,647873
61200 0,0515591 0,647863
61300 0,0515555 0,647855
61400 0,0515516 0,647846
61500 0,0515478 0,647838
61600 0,0515442 0,647828
61700 0,0515406 0,647819
61800 0,051537 0,64781
61900 0,0515336 0,6478
62000 0,0515302 0,647791
62100 0,051527 0,64778
62200 0,0515236 0,647771
62300 0,0515202 0,647762
62400 0,0515169 0,647752
62500 0,0515133 0,647743
62600 0,0515096 0,647736
62700 0,0515063 0,647728
62800 0,0515027 0,64772
62900 0,051499 0,647712
63000 0,0514957 0,647703
63100 0,0514924 0,647695
63200 0,0514889 0,647687
63300 0,0514855 0,64768
63400 0,0514825 0,647669
63500 0,0514794 0,647661
63600 0,0514764 0,647651
63700 0,0514734 0,647643
63800 0,0514703 0,647633
63900 0,0514673 0,647625
64000 0,0514642 0,647616
64100 0,051461 0,647608
64200 0,0514577 0,647601
64300 0,0514548 0,647593
64400 0,0514516 0,647585
64500 0,0514484 0,647579
64600 0,0514454 0,647569
64700 0,0514426 0,647561
64800 0,0514395 0,647553
64900 0,0514362 0,647547
65000 0,0514335 0,647539
65100 0,051431 0,64753
65200 0,0514282 0,647522
65300 0,0514251 0,647514
65400 0,0514223 0,647506
65500 0,0514197 0,647497
65600 0,051417 0,647488
65700 0,0514141 0,647478
65800 0,051411 0,647472
65900 0,0514082 0,647464
66000 0,0514056 0,647457
66100 0,0514027 0,647449
66200 0,0513996 0,647442
66300 0,0513967 0,647435
66400 0,0513939 0,647425
66500 0,0513914 0,647418
66600 0,0513887 0,647411
66700 0,051386 0,647402
66800 0,0513834 0,647395
66900 0,0513811 0,647385
67000 0,0513789 0,647376
67100 0,0513764 0,647366
67200 0,0513738 0,647359
67300 0,0513712 0,64735
67400 0,0513687 0,647342
67500 0,0513666 0,647332
67600 0,0513641 0,647325
67700 0,0513614 0,647317
67800 0,0513587 0,647309
67900 0,0513561 0,6473
68000 0,0513539 0,647293
68100 0,0513511 0,647285
68200 0,0513483 0,647279
68300 0,0513454 0,647271
68400 0,0513428 0,647264
68500 0,0513407 0,647256
68600 0,0513383 0,647246
68700 0,0513361 0,647237
68800 0,0513334 0,64723
68900 0,051331 0,647221
69000 0,0513288 0,647212
69100 0,0513269 0,647203
69200 0,0513247 0,647192
69300 0,0513223 0,647183
69400 0,0513198 0,647176
69500 0,0513174 0,647167
69600 0,0513152 0,647157
69700 0,0513131 0,647148
69800 0,0513109 0,647138
69900 0,0513084 0,647129
70000 0,0513058 0,647122
70100 0,0513034 0,647113
70200 0,0513012 0,647104
70300 0,0512992 0,647094
70400 0,051297 0,647082
70500 0,0512944 0,647073
70600 0,0512919 0,647065
70700 0,0512896 0,647056
70800 0,0512876 0,647045
70900 0,0512859 0,647035
71000 0,0512839 0,64702
71100 0,0512819 0,647012
71200 0,0512795 0,646999
71300 0,0512771 0,646989
71400 0,0512751 0,646978
71500 0,0512732 0,646965
71600 0,0512716 0,646954
71700 0,0512696 0,64694
71800 0,0512674 0,64693
71900 0,0512649 0,646917
72000 0,0512625 0,646905
72100 0,0512604 0,646894
72200 0,0512584 0,64688
72300 0,0512565 0,646867
72400 0,0512542 0,646854
72500 0,0512518 0,64684
72600 0,0512493 0,646827
72700 0,0512468 0,646815
72800 0,0512447 0,6468
72900 0,0512425 0,646785
73000 0,0512402 0,64677
73100 0,0512379 0,646755
73200 0,0512354 0,64674
73300 0,051233 0,646724
73400 0,0512308 0,646707
73500 0,051229 0,646688
73600 0,0512267 0,64667
73700 0,0512249 0,646651
73800 0,0512228 0,646629
73900 0,0512205 0,64661
74000 0,0512182 0,646589
74100 0,0512158 0,646566
74200 0,0512134 0,646544
74300 0,0512112 0,64652
74400 0,051209 0,646494
74500 0,0512068 0,646469
74600 0,0512045 0,64644
74700 0,0512018 0,646413
74800 0,0511991 0,646383
74900 0,0511962 0,646353
75000 0,0511938 0,646321
75100 0,0511913 0,646284
75200 0,0511889 0,646247
75300 0,0511862 0,646208
75400 0,0511832 0,646165
75500 0,0511801 0,646121
75600 0,0511766 0,646075
75700 0,0511735 0,646025
75800 0,0511703 0,645969
75900 0,0511671 0,64591
76000 0,0511637 0,645844
76100 0,05116 0,645774
76200 0,051156 0,645697
76300 0,0511515 0,645613
76400 0,051147 0,645522
76500 0,0511419 0,645419
76600 0,0511369 0,645304
76700 0,0511312 0,645175
76800 0,0511251 0,64503
76900 0,051118 0,644864
77000 0,0511097 0,644674
77100 0,0511001 0,644454
77200 0,051089 0,644194
77300 0,0510758 0,643886
77400 0,0510599 0,643509
77500 0,0510402 0,643043
77600 0,0510148 0,642453
77700 0,0509807 0,641681
77800 0,0509329 0,640635
77900 0,0508617 0,639141
78000 0,0507464 0,636864
78100 0,0505342 0,633077
78200 0,0500753 0,626085
78300 0,0489814 0,612669
78400 0,0472405 0,58922
78500 0,0454943 0,557607
78600 0,0434795 0,523162
78700 0,0408804 0,482601
78800 0,0375714 0,434538
78900 0,0336004 0,380789
79000 0,0292373 0,325414
79100 0,0249172 0,273206
79200 0,0210302 0,227791
79300 0,0177733 0,190545
79400 0,0151528 0,161001
79500 0,0130793 0,137851
79600 0,0114392 0,119679
79700 0,0101324 0,105284
79800 0,00907883 0,0937325
79900 0,0082175 0,084335
80000 0,00750461 0,0765832
80100 0,00690696 0,0701057
80200 0,00639991 0,0646293
80300 0,00596449 0,0599492
80400 0,00558759 0,0559074
80500 0,00525866 0,0523877
