100 0,262006 0,31559
200 0,259667 0,295958
300 0,258474 0,286873
400 0,257881 0,282864
500 0,257544 0,280777
600 0,257329 0,279532
700 0,257181 0,278721
800 0,257073 0,278156
900 0,256991 0,277741
1000 0,256927 0,277418
1100 0,256874 0,277157
1200 0,256831 0,276937
1300 0,256795 0,276744
1400 0,256765 0,276573
1500 0,256738 0,276417
1600 0,256715 0,276272
1700 0,256695 0,276138
1800 0,256677 0,276012
1900 0,256661 0,275893
2000 0,256646 0,275781
2100 0,256633 0,275674
2200 0,256621 0,275573
2300 0,25661 0,275477
2400 0,2566 0,275386
2500 0,256591 0,2753
2600 0,256582 0,275218
2700 0,256574 0,27514
2800 0,256567 0,275065
2900 0,25656 0,274995
3000 0,256554 0,274928
3100 0,256547 0,274865
3200 0,256542 0,274804
3300 0,256536 0,274747
3400 0,256531 0,274693
3500 0,256527 0,274641
3600 0,256522 0,274593
3700 0,256518 0,274546
3800 0,256514 0,274503
3900 0,25651 0,274461
4000 0,256506 0,274422
4100 0,256502 0,274384
4200 0,256499 0,274349
4300 0,256496 0,274316
4400 0,256493 0,274284
4500 0,25649 0,274254
4600 0,256487 0,274225
4700 0,256484 0,274198
4800 0,256481 0,274173
4900 0,256479 0,274148
5000 0,256476 0,274138
5100 0,256474 0,274169
5200 0,256472 0,274203
5300 0,256469 0,274239
5400 0,256467 0,274277
5500 0,256465 0,274317
5600 0,256463 0,274359
5700 0,256461 0,274403
5800 0,256459 0,27445
5900 0,256457 0,274498
6000 0,256455 0,274549
6100 0,256453 0,274602
6200 0,256451 0,274657
6300 0,256449 0,274715
6400 0,256447 0,274774
6500 0,256445 0,274836
6600 0,256443 0,2749
6700 0,256441 0,274967
6800 0,256439 0,275036
6900 0,256437 0,275108
7000 0,256435 0,275182
7100 0,256433 0,275259
7200 0,256431 0,275339
7300 0,256428 0,275422
7400 0,256426 0,275508
7500 0,256424 0,275598
7600 0,256421 0,275691
7700 0,256418 0,275788
7800 0,256415 0,275889
7900 0,256412 0,275994
8000 0,256409 0,276104
8100 0,256405 0,276219
8200 0,256401 0,27634
8300 0,256396 0,276466
8400 0,256391 0,276598
8500 0,256386 0,276738
8600 0,25638 0,276884
8700 0,256373 0,277039
8800 0,256366 0,277202
8900 0,256357 0,277375
9000 0,256347 0,277558
9100 0,256335 0,277752
9200 0,256322 0,277958
9300 0,256306 0,278177
9400 0,256287 0,278411
9500 0,256265 0,27866
9600 0,256238 0,278924
9700 0,256206 0,279207
9800 0,256166 0,279507
9900 0,256117 0,279826
10000 0,256054 0,280164
10100 0,255975 0,280519
10200 0,255871 0,28089
10300 0,255733 0,281268
10400 0,255546 0,281642
10500 0,255285 0,281985
10600 0,25491 0,282249
10700 0,254357 0,282341
10800 0,253533 0,282105
10900 0,25231 0,28132
11000 0,250544 0,284215
11100 0,248064 0,291387
11200 0,244554 0,295735
11300 0,239022 0,311772
11400 0,226863 0,37956
11500 0,203872 0,482306
11600 0,186869 0,490555
11700 0,178307 0,472071
11800 0,173788 0,459958
11900 0,171079 0,452347
12000 0,169283 0,447166
12100 0,167997 0,443357
12200 0,167016 0,440344
12300 0,166217 0,437759
12400 0,165512 0,435293
12500 0,164807 0,432544
12600 0,163924 0,428649
12700 0,162217 0,420635
12800 0,15584 0,394861
12900 0,137666 0,328769
13000 0,105182 0,559149
13100 0,0813012 0,680456
13200 0,0715084 0,700664
13300 0,0668213 0,697139
13400 0,0640476 0,69129
13500 0,0621895 0,686348
13600 0,0608438 0,68246
13700 0,0598146 0,679404
13800 0,0589961 0,676965
13900 0,0583271 0,67498
14000 0,0577688 0,673333
14100 0,0572953 0,671945
14200 0,0568881 0,670757
14300 0,056534 0,669729
14400 0,0562232 0,66883
14500 0,0559478 0,668037
14600 0,0557023 0,667332
14700 0,0554817 0,666701
14800 0,0552825 0,666133
14900 0,0551014 0,665619
15000 0,0549363 0,665151
15100 0,0547849 0,664725
15200 0,0546456 0,664333
15300 0,0545169 0,663974
15400 0,0543978 0,663641
15500 0,0542871 0,663332
15600 0,0541835 0,663047
15700 0,0540871 0,66278
15800 0,0539966 0,662531
15900 0,0539115 0,6623
16000 0,0538318 0,66208
16100 0,0537563 0,661875
16200 0,0536849 0,661683
16300 0,0536177 0,6615
16400 0,0535539 0,661327
16500 0,0534931 0,661165
16600 0,0534354 0,661011
16700 0,0533806 0,660863
16800 0,0533284 0,660723
16900 0,0532785 0,66059
17000 0,0532309 0,660464
17100 0,0531849 0,660345
17200 0,053141 0,660231
17300 0,0530991 0,660119
17400 0,0530587 0,660014
17500 0,0530201 0,659912
17600 0,0529831 0,659814
17700 0,0529474 0,65972
17800 0,0529129 0,659631
17900 0,0528797 0,659545
18000 0,0528476 0,659463
18100 0,0528167 0,659383
18200 0,0527869 0,659306
18300 0,0527578 0,659233
18400 0,0527296 0,659163
18500 0,0527027 0,659092
18600 0,0526766 0,659024
18700 0,0526513 0,658958
18800 0,0526268 0,658895
18900 0,0526029 0,658834
19000 0,0525798 0,658775
19100 0,0525573 0,658717
19200 0,0525355 0,658662
19300 0,0525142 0,658608
19400 0,0524937 0,658555
19500 0,0524736 0,658504
19600 0,052454 0,658454
19700 0,0524352 0,658405
19800 0,0524166 0,658358
19900 0,0523986 0,658312
20000 0,052381 0,658267
20100 0,0523639 0,658224
20200 0,0523472 0,658181
20300 0,0523308 0,65814
20400 0,0523148 0,658099
20500 0,0522992 0,65806
20600 0,0522841 0,658021
20700 0,0522693 0,657982
20800 0,0522548 0,657944
20900 0,0522408 0,657906
21000 0,0522269 0,65787
21100 0,0522132 0,657834
21200 0,0522 0,657799
21300 0,0521868 0,657765
21400 0,052174 0,657732
21500 0,0521616 0,657698
21600 0,0521493 0,657665
21700 0,0521373 0,657633
21800 0,0521253 0,657602
21900 0,0521136 0,657571
22000 0,0521021 0,657541
22100 0,0520908 0,65751
22200 0,0520797 0,657481
22300 0,0520688 0,657451
22400 0,0520581 0,657421
22500 0,0520478 0,657391
22600 0,0520374 0,657362
22700 0,0520274 0,657332
22800 0,0520174 0,657303
22900 0,0520077 0,657274
23000 0,051998 0,657245
23100 0,0519886 0,657216
23200 0,0519792 0,657187
23300 0,0519701 0,657157
23400 0,051961 0,657128
23500 0,051952 0,657098
23600 0,0519432 0,657068
23700 0,0519345 0,657038
23800 0,051926 0,657007
23900 0,0519174 0,656975
24000 0,0519091 0,656943
24100 0,0519007 0,656911
24200 0,0518925 0,656877
24300 0,0518844 0,656843
24400 0,0518763 0,656807
24500 0,0518683 0,656769
24600 0,0518602 0,656731
24700 0,0518522 0,65669
24800 0,0518445 0,656647
24900 0,0518364 0,656601
25000 0,0518285 0,656553
25100 0,0518205 0,656501
25200 0,0518123 0,656445
25300 0,0518041 0,656383
25400 0,0517957 0,656316
25500 0,0517871 0,656241
25600 0,0517782 0,656157
25700 0,051769 0,656061
25800 0,0517592 0,65595
25900 0,0517487 0,655819
26000 0,0517374 0,655662
26100 0,0517244 0,65547
26200 0,0517096 0,655226
26300 0,0516914 0,654906
26400 0,0516683 0,654466
26500 0,0516361 0,653821
26600 0,0515857 0,65278
26700 0,0514918 0,650834
26800 0,0512492 0,646109
26900 0,0501733 0,628255
27000 0,0483774 0,579625
27100 0,0467068 0,525376
27200 0,0447229 0,460742
27300 0,0426932 0,39975
27400 0,0409574 0,354163
27500 0,039616 0,324478
27600 0,038599 0,305873
27700 0,0378169 0,293904
27800 0,0372017 0,285814
27900 0,0367067 0,280065
28000 0,0363004 0,275803
28100 0,035961 0,273689
28200 0,0356735 0,273472
28300 0,0354268 0,273172
28400 0,0352128 0,272832
28500 0,0350258 0,272479
28600 0,0348607 0,272126
28700 0,0347138 0,271781
28800 0,0345826 0,271451
28900 0,0344648 0,271136
29000 0,0343582 0,270838
29100 0,0342615 0,270555
29200 0,0341734 0,27029
29300 0,034093 0,270039
29400 0,0340192 0,269804
29500 0,0339514 0,269584
29600 0,0338887 0,269375
29700 0,0338304 0,269177
29800 0,0337764 0,268988
29900 0,0337262 0,268813
30000 0,0336797 0,268647
30100 0,0336363 0,26849
30200 0,0335957 0,268342
30300 0,0335578 0,268203
30400 0,0335223 0,26807
30500 0,0334888 0,267945
30600 0,0334574 0,267827
30700 0,0334276 0,267713
30800 0,0333995 0,267605
30900 0,033373 0,267503
31000 0,033348 0,267406
31100 0,0333241 0,267315
31200 0,0333014 0,267226
31300 0,0332798 0,267143
31400 0,0332589 0,267062
31500 0,033239 0,266984
31600 0,0332199 0,26691
31700 0,0332017 0,266839
31800 0,0331842 0,26677
31900 0,0331674 0,266704
32000 0,0331513 0,266642
32100 0,0331357 0,266584
32200 0,0331207 0,266526
32300 0,033106 0,266471
32400 0,0330918 0,266417
32500 0,0330781 0,266364
32600 0,033065 0,266314
32700 0,0330523 0,266266
32800 0,03304 0,266219
32900 0,0330279 0,266173
33000 0,0330163 0,266128
33100 0,033005 0,266085
33200 0,0329941 0,266044
33300 0,0329835 0,266004
33400 0,0329733 0,265963
33500 0,0329631 0,265924
33600 0,0329532 0,265887
33700 0,0329437 0,26585
33800 0,0329341 0,265814
33900 0,0329252 0,265779
34000 0,0329165 0,265746
34100 0,032908 0,265712
34200 0,0329001 0,26568
34300 0,032892 0,265649
34400 0,0328842 0,265618
34500 0,0328763 0,265588
34600 0,0328687 0,265558
34700 0,0328614 0,265529
34800 0,0328542 0,2655
34900 0,0328473 0,265473
35000 0,0328405 0,265445
35100 0,0328339 0,265417
35200 0,0328275 0,265392
35300 0,0328213 0,265366
35400 0,0328152 0,265341
35500 0,0328093 0,265315
35600 0,0328032 0,26529
35700 0,0327971 0,265265
35800 0,0327911 0,26524
35900 0,0327856 0,265216
36000 0,0327801 0,265192
36100 0,0327747 0,265168
36200 0,0327698 0,265144
36300 0,0327648 0,265122
36400 0,0327599 0,265099
36500 0,0327552 0,265075
36600 0,0327506 0,265052
36700 0,032746 0,265029
36800 0,0327414 0,265006
36900 0,0327371 0,264984
37000 0,0327329 0,264962
37100 0,0327286 0,264939
37200 0,0327246 0,264916
37300 0,0327207 0,264894
37400 0,0327168 0,264872
37500 0,0327128 0,264848
37600 0,0327092 0,264826
37700 0,0327054 0,264802
37800 0,0327017 0,264779
37900 0,0326976 0,264754
38000 0,0326939 0,264729
38100 0,0326906 0,264704
38200 0,0326874 0,264679
38300 0,0326843 0,264654
38400 0,0326811 0,264628
38500 0,0326781 0,264601
38600 0,0326753 0,264573
38700 0,0326727 0,264545
38800 0,0326701 0,264517
38900 0,0326676 0,264486
39000 0,0326652 0,264455
39100 0,0326631 0,264421
39200 0,032661 0,264387
39300 0,0326588 0,264351
39400 0,0326569 0,264311
39500 0,0326556 0,264271
39600 0,0326544 0,264228
39700 0,0326534 0,264182
39800 0,0326522 0,264131
39900 0,0326511 0,264075
40000 0,0326502 0,264014
40100 0,0326496 0,263946
40200 0,0326495 0,26387
40300 0,0326496 0,263786
40400 0,0326502 0,263691
40500 0,0326514 0,263583
40600 0,0326526 0,263458
40700 0,0326542 0,263309
40800 0,0326566 0,263134
40900 0,0326596 0,262922
41000 0,0326635 0,262663
41100 0,032668 0,262337
41200 0,0326739 0,261919
41300 0,0326802 0,261361
41400 0,0326879 0,260595
41500 0,032696 0,259489
41600 0,0327046 0,257797
41700 0,0327109 0,254974
41800 0,0327058 0,24957
41900 0,0325946 0,235984
42000 0,00985478 0,0770488
