100 0,259384 0,299296
200 0,258123 0,277737
300 0,257298 0,276314
400 0,256768 0,275494
500 0,256412 0,274417
600 0,256154 0,273217
700 0,255959 0,272101
800 0,255809 0,271155
900 0,25569 0,270586
1000 0,255595 0,270429
1100 0,255517 0,270296
1200 0,255453 0,270182
1300 0,255398 0,270083
1400 0,255352 0,269994
1500 0,255312 0,269911
1600 0,255277 0,269831
1700 0,255246 0,269754
1800 0,255219 0,269678
1900 0,255194 0,269603
2000 0,255172 0,269527
2100 0,255152 0,269451
2200 0,255134 0,269375
2300 0,255117 0,269299
2400 0,255102 0,269223
2500 0,255088 0,269148
2600 0,255075 0,269072
2700 0,255063 0,268997
2800 0,255051 0,268923
2900 0,255041 0,26885
3000 0,255031 0,268777
3100 0,255022 0,268706
3200 0,255013 0,268635
3300 0,255005 0,268566
3400 0,254997 0,268499
3500 0,25499 0,268432
3600 0,254983 0,268368
3700 0,254976 0,268304
3800 0,25497 0,268243
3900 0,254964 0,268195
4000 0,254958 0,268255
4100 0,254953 0,268318
4200 0,254947 0,268384
4300 0,254942 0,268452
4400 0,254937 0,268524
4500 0,254932 0,268599
4600 0,254928 0,268678
4700 0,254923 0,268761
4800 0,254918 0,268847
4900 0,254914 0,268938
5000 0,25491 0,269034
5100 0,254905 0,269135
5200 0,254901 0,269241
5300 0,254897 0,269353
5400 0,254893 0,26947
5500 0,254888 0,269595
5600 0,254884 0,269726
5700 0,254879 0,269864
5800 0,254875 0,27001
5900 0,25487 0,270164
6000 0,254865 0,270327
6100 0,254859 0,2705
6200 0,254853 0,270682
6300 0,254847 0,270875
6400 0,25484 0,271078
6500 0,254832 0,271293
6600 0,254824 0,27152
6700 0,254814 0,27176
6800 0,254803 0,272012
6900 0,25479 0,272278
7000 0,254775 0,272558
7100 0,254757 0,272851
7200 0,254736 0,273158
7300 0,254711 0,273479
7400 0,25468 0,273812
7500 0,254641 0,274157
7600 0,254594 0,274512
7700 0,254534 0,274873
7800 0,254457 0,275237
7900 0,254357 0,275596
8000 0,254225 0,27594
8100 0,254048 0,276252
8200 0,253806 0,276501
8300 0,253469 0,276635
8400 0,252991 0,276561
8500 0,252307 0,27612
8600 0,251331 0,275059
8700 0,249958 0,27478
8800 0,24807 0,280165
8900 0,245496 0,285367
9000 0,24183 0,294151
9100 0,235713 0,321603
9200 0,223958 0,391029
9300 0,20652 0,471388
9400 0,191944 0,491654
9500 0,182731 0,478431
9600 0,177181 0,464697
9700 0,173652 0,454905
9800 0,171226 0,447773
9900 0,169431 0,442168
10000 0,167994 0,437287
10100 0,16672 0,43238
10200 0,165388 0,427009
10300 0,163546 0,419267
10400 0,159959 0,404877
10500 0,15239 0,371789
10600 0,136826 0,331292
10700 0,112816 0,506147
10800 0,0906997 0,63638
10900 0,0782439 0,685874
11000 0,0717979 0,695667
11100 0,068028 0,693636
11200 0,0655348 0,689384
11300 0,063737 0,685333
11400 0,0623644 0,681901
11500 0,0612753 0,679047
11600 0,0603874 0,676662
11700 0,0596481 0,674647
11800 0,0590225 0,672925
11900 0,0584858 0,671435
12000 0,0580201 0,670134
12100 0,0576116 0,668992
12200 0,0572506 0,667978
12300 0,0569288 0,667073
12400 0,05664 0,666262
12500 0,0563795 0,665528
12600 0,0561429 0,664864
12700 0,0559272 0,664257
12800 0,0557296 0,663703
12900 0,0555478 0,663194
13000 0,05538 0,662724
13100 0,0552247 0,662289
13200 0,0550805 0,661887
13300 0,054946 0,661511
13400 0,0548202 0,661162
13500 0,0547026 0,660833
13600 0,0545919 0,660526
13700 0,0544881 0,660236
13800 0,0543898 0,659967
13900 0,0542976 0,659707
14000 0,0542101 0,659463
14100 0,0541269 0,659235
14200 0,0540483 0,659015
14300 0,0539736 0,658806
14400 0,053902 0,658609
14500 0,0538339 0,658419
14600 0,0537691 0,658238
14700 0,0537071 0,658065
14800 0,0536477 0,657899
14900 0,0535904 0,657741
15000 0,0535359 0,657586
15100 0,0534837 0,657436
15200 0,0534334 0,657292
15300 0,0533851 0,657153
15400 0,0533384 0,657019
15500 0,0532935 0,656889
15600 0,0532497 0,656764
15700 0,0532078 0,65664
15800 0,0531674 0,656518
15900 0,0531283 0,656398
16000 0,0530906 0,65628
16100 0,053054 0,656164
16200 0,0530184 0,65605
16300 0,0529837 0,655937
16400 0,0529502 0,655825
16500 0,0529174 0,655713
16600 0,0528854 0,655601
16700 0,0528544 0,655487
16800 0,0528239 0,655372
16900 0,0527939 0,655255
17000 0,0527643 0,655135
17100 0,0527357 0,655008
17200 0,0527074 0,654875
17300 0,0526796 0,654734
17400 0,052652 0,654583
17500 0,0526244 0,65442
17600 0,0525965 0,654241
17700 0,0525684 0,65404
17800 0,0525396 0,653811
17900 0,0525096 0,653544
18000 0,052478 0,653222
18100 0,0524435 0,652824
18200 0,0524043 0,652311
18300 0,0523572 0,651621
18400 0,0522966 0,650631
18500 0,052209 0,649105
18600 0,0520623 0,64651
18700 0,0517708 0,641648
18800 0,0511884 0,632624
18900 0,0504489 0,617664
19000 0,0495362 0,596884
19100 0,0478915 0,566429
19200 0,0444147 0,513312
19300 0,038023 0,424569
19400 0,0291327 0,313453
19500 0,0207046 0,215845
19600 0,0149292 0,151598
19700 0,0113757 0,112959
19800 0,00913377 0,0889734
19900 0,00763455 0,0731451
20000 0,00657454 0,0620798
20100 0,00578954 0,0539659
