100 0,263234 0,32376
200 0,261557 0,30521
300 0,260245 0,293164
400 0,259252 0,287846
500 0,258672 0,285703
600 0,25834 0,284535
700 0,258133 0,283671
800 0,257995 0,283071
900 0,257897 0,282752
1000 0,25782 0,282737
1100 0,257754 0,283075
1200 0,257684 0,283873
1300 0,257587 0,285351
1400 0,257408 0,287964
1500 0,25697 0,299946
1600 0,255562 0,326748
1700 0,249505 0,383186
1800 0,223206 0,38425
1900 0,16952 0,305998
2000 0,126917 0,535469
2100 0,100406 0,668504
2200 0,0843568 0,709604
2300 0,0752565 0,709785
2400 0,0696829 0,702728
2500 0,0660463 0,696379
2600 0,0635615 0,691321
2700 0,0617863 0,687298
2800 0,0604651 0,684063
2900 0,0594466 0,681427
3000 0,0586382 0,679249
3100 0,0579809 0,677425
3200 0,0574357 0,675879
3300 0,0569758 0,674554
3400 0,0565825 0,673406
3500 0,056242 0,672402
3600 0,0559442 0,671518
3700 0,0556812 0,670732
3800 0,0554473 0,670031
3900 0,0552377 0,6694
4000 0,0550486 0,66883
4100 0,0548773 0,668312
4200 0,0547213 0,66784
4300 0,0545784 0,667407
4400 0,0544472 0,667009
4500 0,054326 0,666642
4600 0,0542139 0,666303
4700 0,0541098 0,665987
4800 0,0540128 0,665693
4900 0,0539222 0,66542
5000 0,0538374 0,665163
5100 0,0537579 0,664924
5200 0,053683 0,664699
5300 0,0536126 0,664486
5400 0,053546 0,664286
5500 0,0534832 0,664097
5600 0,0534236 0,663918
5700 0,053367 0,663749
5800 0,0533133 0,663588
5900 0,0532621 0,663435
6000 0,0532133 0,663291
6100 0,0531668 0,663152
6200 0,0531224 0,663019
6300 0,0530799 0,662893
6400 0,0530393 0,662772
6500 0,0530003 0,662657
6600 0,0529628 0,662547
6700 0,0529269 0,662441
6800 0,0528924 0,662339
6900 0,0528592 0,662242
7000 0,0528272 0,662148
7100 0,0527965 0,662057
7200 0,0527668 0,66197
7300 0,0527382 0,661887
7400 0,0527105 0,661806
7500 0,0526838 0,661729
7600 0,052658 0,661654
7700 0,052633 0,661581
7800 0,0526089 0,66151
7900 0,0525855 0,661442
8000 0,0525627 0,661377
8100 0,0525407 0,661313
8200 0,0525193 0,661251
8300 0,0524986 0,661192
8400 0,0524785 0,661133
8500 0,0524589 0,661077
8600 0,0524399 0,661022
8700 0,0524214 0,660969
8800 0,0524034 0,660918
8900 0,0523859 0,660867
9000 0,0523688 0,660819
9100 0,0523521 0,660772
9200 0,0523359 0,660726
9300 0,0523201 0,660682
9400 0,0523047 0,660638
9500 0,0522898 0,660595
9600 0,0522751 0,660554
9700 0,0522608 0,660513
9800 0,0522469 0,660474
9900 0,0522332 0,660435
10000 0,0522199 0,660398
10100 0,0522069 0,660361
10200 0,0521942 0,660326
10300 0,0521817 0,660291
10400 0,0521696 0,660257
10500 0,0521576 0,660223
10600 0,0521459 0,660191
10700 0,0521345 0,660159
10800 0,0521233 0,660128
10900 0,0521123 0,660098
11000 0,0521017 0,660068
11100 0,0520912 0,660038
11200 0,0520809 0,66001
11300 0,0520708 0,659982
11400 0,0520609 0,659955
11500 0,0520512 0,659928
11600 0,0520416 0,659902
11700 0,0520323 0,659876
11800 0,0520231 0,659851
11900 0,052014 0,659826
12000 0,0520052 0,659802
12100 0,0519965 0,659779
12200 0,0519879 0,659755
12300 0,0519795 0,659732
12400 0,0519713 0,65971
12500 0,0519632 0,659688
12600 0,0519553 0,659666
12700 0,0519474 0,659645
12800 0,0519397 0,659625
12900 0,0519322 0,659604
13000 0,0519248 0,659584
13100 0,0519174 0,659564
13200 0,0519102 0,659544
13300 0,0519032 0,659525
13400 0,0518963 0,659506
13500 0,0518895 0,659488
13600 0,0518827 0,65947
13700 0,0518761 0,659452
13800 0,0518695 0,659434
13900 0,0518631 0,659417
14000 0,0518568 0,6594
14100 0,0518505 0,659383
14200 0,0518444 0,659367
14300 0,0518383 0,65935
14400 0,0518324 0,659335
14500 0,0518265 0,659319
14600 0,0518207 0,659303
14700 0,051815 0,659288
14800 0,0518093 0,659273
14900 0,0518038 0,659258
15000 0,0517983 0,659243
15100 0,0517929 0,659229
15200 0,0517876 0,659215
15300 0,0517823 0,659201
15400 0,0517772 0,659187
15500 0,0517722 0,659173
15600 0,0517671 0,65916
15700 0,0517621 0,659147
15800 0,0517571 0,659134
15900 0,0517523 0,659121
16000 0,0517475 0,659108
16100 0,0517428 0,659096
16200 0,0517381 0,659083
16300 0,0517336 0,659071
16400 0,051729 0,659059
16500 0,0517245 0,659047
16600 0,05172 0,659035
16700 0,0517156 0,659024
16800 0,0517113 0,659012
16900 0,051707 0,659001
17000 0,0517028 0,65899
17100 0,0516986 0,658979
17200 0,0516944 0,658968
17300 0,0516904 0,658957
17400 0,0516864 0,658946
17500 0,0516824 0,658936
17600 0,0516784 0,658926
17700 0,0516745 0,658916
17800 0,0516707 0,658906
17900 0,0516668 0,658896
18000 0,0516631 0,658886
18100 0,0516593 0,658876
18200 0,0516557 0,658866
18300 0,051652 0,658857
18400 0,0516484 0,658848
18500 0,0516448 0,658839
18600 0,0516412 0,65883
18700 0,0516378 0,65882
18800 0,0516342 0,658812
18900 0,0516308 0,658803
19000 0,0516274 0,658794
19100 0,051624 0,658786
19200 0,0516207 0,658777
19300 0,0516175 0,658769
19400 0,0516143 0,65876
19500 0,0516112 0,658751
19600 0,051608 0,658743
19700 0,0516049 0,658735
19800 0,0516018 0,658727
19900 0,0515987 0,658719
20000 0,0515957 0,658711
20100 0,0515927 0,658703
20200 0,0515897 0,658695
20300 0,0515867 0,658687
20400 0,0515838 0,65868
20500 0,0515809 0,658672
20600 0,0515781 0,658664
20700 0,0515752 0,658657
20800 0,0515724 0,65865
20900 0,0515696 0,658643
21000 0,0515668 0,658636
21100 0,051564 0,658629
21200 0,0515613 0,658622
21300 0,0515586 0,658615
21400 0,051556 0,658608
21500 0,0515534 0,658601
21600 0,0515507 0,658594
21700 0,0515482 0,658588
21800 0,0515456 0,658581
21900 0,0515431 0,658574
22000 0,0515405 0,658568
22100 0,0515381 0,658561
22200 0,0515355 0,658555
22300 0,0515331 0,658549
22400 0,0515307 0,658543
22500 0,0515283 0,658536
22600 0,0515259 0,658531
22700 0,0515235 0,658524
22800 0,0515212 0,658518
22900 0,0515189 0,658512
23000 0,0515166 0,658506
23100 0,0515143 0,6585
23200 0,0515121 0,658494
23300 0,0515099 0,658488
23400 0,0515077 0,658482
23500 0,0515055 0,658477
23600 0,0515033 0,658471
23700 0,0515011 0,658465
23800 0,051499 0,65846
23900 0,0514968 0,658454
24000 0,0514947 0,658449
24100 0,0514926 0,658443
24200 0,0514905 0,658438
24300 0,0514885 0,658433
24400 0,0514864 0,658427
24500 0,0514844 0,658422
24600 0,0514823 0,658417
24700 0,0514803 0,658411
24800 0,0514784 0,658406
24900 0,0514764 0,658401
25000 0,0514745 0,658396
25100 0,0514725 0,658391
25200 0,0514706 0,658386
25300 0,0514687 0,658381
25400 0,0514668 0,658376
25500 0,0514649 0,658371
25600 0,051463 0,658366
25700 0,0514612 0,658361
25800 0,0514594 0,658356
25900 0,0514577 0,658351
26000 0,0514559 0,658346
26100 0,0514541 0,658342
26200 0,0514523 0,658337
26300 0,0514505 0,658332
26400 0,0514488 0,658327
26500 0,051447 0,658323
26600 0,0514453 0,658319
26700 0,0514436 0,658314
26800 0,0514419 0,658309
26900 0,0514402 0,658304
27000 0,0514385 0,6583
27100 0,0514369 0,658295
27200 0,0514353 0,658291
27300 0,0514336 0,658286
27400 0,0514319 0,658282
27500 0,0514303 0,658278
27600 0,0514287 0,658274
27700 0,0514271 0,658269
27800 0,0514255 0,658265
27900 0,051424 0,658261
28000 0,0514224 0,658256
28100 0,0514209 0,658252
28200 0,0514194 0,658248
28300 0,0514178 0,658244
28400 0,0514162 0,65824
28500 0,0514147 0,658236
28600 0,0514132 0,658232
28700 0,0514117 0,658227
28800 0,0514103 0,658224
28900 0,0514089 0,658219
29000 0,0514074 0,658215
29100 0,051406 0,658211
29200 0,0514046 0,658206
29300 0,0514031 0,658203
29400 0,0514017 0,658198
29500 0,0514003 0,658195
29600 0,0513989 0,658191
29700 0,0513975 0,658187
29800 0,051396 0,658183
29900 0,0513947 0,658179
30000 0,0513933 0,658175
30100 0,051392 0,658171
30200 0,0513907 0,658167
30300 0,0513893 0,658164
30400 0,0513879 0,65816
30500 0,0513866 0,658156
30600 0,0513853 0,658153
30700 0,051384 0,658149
30800 0,0513828 0,658145
30900 0,0513815 0,658141
31000 0,0513803 0,658137
31100 0,051379 0,658134
31200 0,0513777 0,658129
31300 0,0513765 0,658126
31400 0,0513753 0,658122
31500 0,0513741 0,658118
31600 0,0513729 0,658114
31700 0,0513717 0,658111
31800 0,0513704 0,658107
31900 0,0513692 0,658103
32000 0,0513681 0,658099
32100 0,0513669 0,658096
32200 0,0513656 0,658092
32300 0,0513645 0,658089
32400 0,0513633 0,658085
32500 0,0513621 0,658082
32600 0,051361 0,658078
32700 0,0513598 0,658074
32800 0,0513587 0,65807
32900 0,0513576 0,658067
33000 0,0513565 0,658063
33100 0,0513554 0,658059
33200 0,0513543 0,658056
33300 0,0513532 0,658052
33400 0,0513522 0,658048
33500 0,0513512 0,658044
33600 0,0513501 0,658041
33700 0,0513491 0,658037
33800 0,0513481 0,658033
33900 0,051347 0,658029
34000 0,051346 0,658026
34100 0,0513451 0,658022
34200 0,0513441 0,658018
34300 0,051343 0,658014
34400 0,051342 0,65801
34500 0,051341 0,658006
34600 0,05134 0,658003
34700 0,051339 0,657999
34800 0,0513381 0,657995
34900 0,0513372 0,657991
35000 0,0513363 0,657987
35100 0,0513353 0,657983
35200 0,0513344 0,657979
35300 0,0513334 0,657975
35400 0,0513325 0,657972
35500 0,0513316 0,657967
35600 0,0513307 0,657963
35700 0,0513298 0,657959
35800 0,0513289 0,657955
35900 0,0513281 0,65795
36000 0,0513273 0,657947
36100 0,0513264 0,657942
36200 0,0513255 0,657938
36300 0,0513247 0,657934
36400 0,0513239 0,65793
36500 0,051323 0,657925
36600 0,0513221 0,657921
36700 0,0513212 0,657918
36800 0,0513204 0,657913
36900 0,0513196 0,657908
37000 0,0513188 0,657904
37100 0,051318 0,657899
37200 0,0513172 0,657895
37300 0,0513164 0,65789
37400 0,0513157 0,657886
37500 0,0513149 0,657881
37600 0,0513142 0,657876
37700 0,0513135 0,657871
37800 0,0513129 0,657866
37900 0,0513122 0,657861
38000 0,0513115 0,657856
38100 0,0513109 0,65785
38200 0,0513103 0,657844
38300 0,0513097 0,657839
38400 0,0513091 0,657834
38500 0,0513085 0,657828
38600 0,0513079 0,657822
38700 0,0513073 0,657816
38800 0,0513067 0,65781
38900 0,0513061 0,657803
39000 0,0513056 0,657797
39100 0,0513051 0,657791
39200 0,0513046 0,657784
39300 0,0513041 0,657777
39400 0,0513036 0,657771
39500 0,0513031 0,657763
39600 0,0513026 0,657756
39700 0,0513022 0,657748
39800 0,0513018 0,65774
39900 0,0513013 0,657732
40000 0,051301 0,657724
40100 0,0513006 0,657715
40200 0,0513003 0,657706
40300 0,0512999 0,657698
40400 0,0512996 0,657688
40500 0,0512994 0,657678
40600 0,0512992 0,657668
40700 0,051299 0,657657
40800 0,0512988 0,657646
40900 0,0512987 0,657634
41000 0,0512986 0,657622
41100 0,0512986 0,65761
41200 0,0512987 0,657596
41300 0,0512987 0,657582
41400 0,0512988 0,657568
41500 0,0512991 0,657552
41600 0,0512992 0,657535
41700 0,0512996 0,657518
41800 0,0512999 0,657501
41900 0,0513002 0,657481
42000 0,0513007 0,657461
42100 0,0513012 0,657439
42200 0,0513019 0,657416
42300 0,0513026 0,657391
42400 0,0513035 0,657365
42500 0,0513044 0,657337
42600 0,0513054 0,657306
42700 0,0513066 0,657273
42800 0,051308 0,657237
42900 0,0513095 0,657199
43000 0,0513112 0,657157
43100 0,051313 0,657111
43200 0,0513151 0,65706
43300 0,0513175 0,657004
43400 0,0513201 0,656942
43500 0,051323 0,656874
43600 0,051326 0,656799
43700 0,0513296 0,656714
43800 0,0513336 0,656617
43900 0,0513379 0,656509
44000 0,0513428 0,656385
44100 0,0513483 0,656243
44200 0,0513544 0,656078
44300 0,0513615 0,655885
44400 0,0513694 0,655656
44500 0,0513787 0,655382
44600 0,0513896 0,655047
44700 0,0514024 0,654632
44800 0,0514181 0,654103
44900 0,0514376 0,653409
45000 0,051463 0,652464
45100 0,0514977 0,651106
45200 0,0515489 0,649
45300 0,0516357 0,645316
45400 0,0518267 0,637301
45500 0,0524361 0,60952
45600 0,0508764 0,523684
45700 0,0452121 0,404333
45800 0,0237393 0,199595
45900 0,0189081 0,147677
46000 0,0165443 0,123413
46100 0,0149375 0,108188
46200 0,0137069 0,0972826
46300 0,0127096 0,088888
46400 0,0118746 0,0821353
46500 0,0111604 0,0765356
46600 0,0105403 0,0717921
46700 0,0099956 0,0677065
46800 0,00951215 0,0641413
46900 0,00907971 0,0609962
47000 0,00869057 0,0581984
47100 0,00833789 0,0556882
47200 0,00801675 0,0534221
47300 0,00772302 0,0513638
